StationCode	SampleDate	StationDateRep	H20	H21	H23	D18	S2	propAchMin	propTaxaZHR	RAWDO100	RAWDO50	RAWlowN	RAWlowP	RAWNhet	RAWeutro	RAWpropBiovolChlor	RAWpropBiovolZHR	RAWmeanZHR	RAWlowTPsp	RAWpropGreenCRUS	PCT_MAP	PCT_MCP	PCT_MIAT1	totalSoftBiovol_um3cm2	microalgalEntityCount	diatomCount
315ARH101	6/14/2010 0:00:00	315ARH101_6/14/2010_1	65.00	59.00	62.00	76.00	40.00	7.0e-03	0.33	0.01	1.00	0.03	0.03	0.00	0.96	0.89	0.11	0.22	0.12	0.97	64.00	0.00	22.00	25981190520.00	307.00	600.00
402BA0031	5/28/2008 0:00:00	402BA0031_5/28/2008_1	96.00	71.00	90.00	96.00	88.00	0.82	0.46	0.95	0.99	0.96	0.97	0.00	0.03	0.91	0.09	0.27	0.30	0.00				51958377087.00	300.00	600.00
402BA0079	5/28/2008 0:00:00	402BA0079_5/28/2008_1	65.00	64.00	65.00	82.00	37.00	0.47	0.10	0.49	0.98	0.54	0.80	0.04	0.45	0.82	0.18	0.14	0.11	0.79				31746882379.00	300.00	600.00
402BA0143	5/21/2008 0:00:00	402BA0143_5/21/2008_1	78.00	67.00	80.00	84.00	68.00	0.46	0.21	0.79	0.96	0.82	0.83	0.12	0.20	0.76	0.20	0.21	0.16	0.00				14483816836.00	300.00	600.00
402BA0335	5/27/2008 0:00:00	402BA0335_5/27/2008_1	62.00	61.00	59.00	76.00	35.00	0.41	0.21	0.43	0.96	0.48	0.56	0.10	0.50	0.65	0.09	0.15	0.15	0.84				40425454497.00	300.00	600.00
403BA0047	5/15/2008 0:00:00	403BA0047_5/15/2008_1	41.00	36.00	34.00	50.00	18.00	0.30	0.00	0.38	0.98	0.65	0.65	0.57	0.62	1.00	0.00	0.00	0.20	1.00				8658081751.00		600.00
403BA0068	5/14/2008 0:00:00	403BA0068_5/14/2008_1	55.00	56.00	61.00	60.00	58.00	0.47	0.15	0.48	0.92	0.54	0.54	0.33	0.49	0.47	0.36	0.25	0.10	0.06				20206270042.00	300.00	600.00
403BA0140	5/21/2008 0:00:00	403BA0140_5/21/2008_1	74.00	61.00	71.00	64.00	83.00	0.00	0.37	2.0e-03	0.93	0.29	0.29	0.08	0.67	0.12	0.26	0.32	0.20	0.00				14579995080.00	300.00	600.00
403BA0191	5/14/2008 0:00:00	403BA0191_5/14/2008_1	58.00	57.00	52.00	80.00	10.00	0.65	0.00	0.77	0.97	0.79	0.80	0.16	0.20	1.00	0.00	0.00	0.10	1.00				43290376311.00	300.00	600.00
403S00772	5/20/2009 0:00:00	403S00772_5/20/2009_1	58.00	51.00	52.00	52.00	58.00	2.0e-03	0.35	0.01	0.98	0.04	0.09	0.09	0.92	0.53	0.46	0.41	0.21	0.92	46.91	7.80	0.00	1364299384.00	300.00	600.00
403S00831	6/10/2010 0:00:00	403S00831_6/10/2010_1	79.00	64.00	80.00	78.00	82.00	0.39	0.31	0.45	0.95	0.59	0.62	0.16	0.45	0.76	0.23	0.27	0.22	0.00	57.00	1.00	0.00	14461492889.00	300.00	595.00
403S01272	6/9/2009 0:00:00	403S01272_6/9/2009_1	49.00	43.00	46.00	58.00	30.00	0.00	0.00	3.0e-03	0.99	0.00	0.00	0.01	0.99	0.98	0.00	0.00	0.00	0.82	60.11	49.76	0.00	37519849353.00	300.00	600.00
403S01784	6/9/2009 0:00:00	403S01784_6/9/2009_1	24.00	16.00	22.00	18.00	33.00	7.0e-03	0.20	0.01	0.88	0.01	0.01	0.71	0.98	0.97	0.03	0.11	0.05	0.74	27.22	21.95	0.00	63501902427.00	300.00	600.00
403S02764	6/14/2011 0:00:00	403S02764_6/14/2011_1	42.00	29.00	36.00	36.00	42.00	0.08	0.15	0.18	0.60	0.13	0.13	0.04	0.78	0.91	0.09	0.12	0.07	0.91	44.00	38.00	0.00	14496896372.00	301.00	600.00
403S03320	6/8/2010 0:00:00	403S03320_6/8/2010_1	35.00	46.00	31.00	50.00	10.00	0.00	0.00	0.70	0.78	0.03	0.09	0.10	0.40	0.23	0.00	0.00	0.00	1.00	0.00	0.00	0.00	8658033173.00	300.00	190.00
403S03832	6/8/2009 0:00:00	403S03832_6/8/2009_1	38.00	36.00	41.00	14.00	83.00	0.03	0.23	0.04	0.84	0.04	0.04	0.83	0.93	3.0e-03	0.87	0.55	0.23	0.00	27.36	2.92	0.00	5163972.29	300.00	600.00
403S04600	6/8/2010 0:00:00	403S04600_6/8/2010_1	31.00	34.00	35.00	48.00	10.00	0.09	0.00	0.12	0.88	0.13	0.34	0.23	0.85	1.00	0.00	0.00	0.00	0.93	38.00	10.00	0.00	97158520662.00	300.00	600.00
403S04868	6/15/2011 0:00:00	403S04868_6/15/2011_1	70.00	56.00	74.00	76.00	63.00	0.52	0.23	0.62	0.99	0.60	0.69	0.13	0.37	0.99	0.00	0.11	0.09	0.00	82.00	11.00	0.00	5900323150.00	325.00	600.00
403S05247	6/1/2010 0:00:00	403S05247_6/1/2010_1	59.00	51.00	52.00	72.00	30.00	0.52	0.00	0.66	0.92	0.61	0.68	0.20	0.34	1.00	0.00	0.00	0.05	1.00	61.00	7.00	0.00	89485587146.00	300.00	600.00
403S06904	6/9/2010 0:00:00	403S06904_6/9/2010_1	40.00	33.00	30.00	26.00	48.00	0.04	0.27	0.09	0.40	0.06	0.06	0.15	0.90	0.09	0.02	0.14	0.18	0.81	47.00	10.00	0.00	15233405022.00	300.00	600.00
403S11084	6/9/2010 0:00:00	403S11084_6/9/2010_1	24.00	31.00	22.00	36.00	2.00	0.00	0.00	0.04	0.69	0.02	0.03	0.23	0.86	0.58	0.00	0.00	0.00	1.00	38.00	1.00	0.00	2886248977.00	300.00	600.00
403S14156	6/9/2009 0:00:00	403S14156_6/9/2009_1	41.00	37.00	41.00	52.00	20.00	0.00	0.04	0.05	0.83	0.00	0.00	0.16	0.96	1.00	0.00	0.02	0.05	0.99	62.31	50.23	0.00	124000000000.00	300.00	600.00
403S15608	6/8/2010 0:00:00	403S15608_6/8/2010_1	16.00	20.00	20.00	28.00	5.00	0.11	0.00	0.19	0.82	0.16	0.29	0.45	0.70	1.00	0.00	0.00	0.00	0.88	30.00	7.00	0.00	34641860981.00	300.00	600.00
404BA0084	6/4/2008 0:00:00	404BA0084_6/4/2008_1	56.00	53.00	51.00	54.00	47.00	0.01	0.25	0.01	0.93	0.02	0.02	0.18	0.87	0.05	0.03	0.14	0.12	0.66				2886428261.00	300.00	600.00
404BA0104	6/18/2008 0:00:00	404BA0104_6/18/2008_1	54.00	43.00	49.00	60.00	25.00	3.0e-03	0.15	0.30	0.96	0.29	0.04	0.08	0.72	1.00	0.00	0.07	0.00	0.98				40404651947.00	300.00	600.00
404BA0142	6/18/2008 0:00:00	404BA0142_6/18/2008_1	70.00	59.00	65.00	70.00	57.00	0.03	0.23	0.03	0.99	0.04	0.05	0.08	0.94	0.57	0.18	0.20	0.18	0.66				60608188302.00	300.00	600.00
404BA0376	6/5/2008 0:00:00	404BA0376_6/5/2008_1	51.00	49.00	48.00	60.00	30.00	0.00	0.07	7.0e-03	0.97	0.24	0.29	0.26	0.63	0.66	0.02	0.04	0.07	0.91				11544163381.00	300.00	600.00
404BA0526	6/4/2008 0:00:00	404BA0526_6/4/2008_1	42.00	37.00	40.00	32.00	57.00	2.0e-03	0.30	0.01	0.88	6.0e-03	7.0e-03	0.36	0.92	0.04	0.06	0.18	0.10	0.33				14430057443.00	300.00	600.00
404BA0616	6/3/2008 0:00:00	404BA0616_6/3/2008_1	35.00	26.00	24.00	26.00	35.00	0.00	0.08	9.0e-03	0.63	0.04	0.04	0.28	0.95	0.50	0.00	0.04	0.08	1.00				25974137387.00	300.00	600.00
404BA0808	6/2/2008 0:00:00	404BA0808_6/2/2008_1	58.00	49.00	51.00	60.00	40.00	0.06	0.16	0.28	0.97	0.27	0.07	0.13	0.59	0.80	0.16	0.16	0.06	0.80				2913819115.00	300.00	600.00
404BA0852	6/3/2008 0:00:00	404BA0852_6/3/2008_1	16.00	11.00	15.00	6.00	25.00	0.00	0.09	2.0e-03	0.53	0.02	0.02	0.60	0.97	0.51	0.00	0.04	0.00	0.96				5773665565.00	300.00	600.00
404BA0964	6/4/2008 0:00:00	404BA0964_6/4/2008_1	75.00	66.00	70.00	78.00	62.00	0.13	0.40	0.18	0.99	0.45	0.44	0.06	0.54	0.46	0.11	0.25	0.20	0.47				8690758310.00	300.00	600.00
404BA1128	6/19/2008 0:00:00	404BA1128_6/19/2008_1	42.00	39.00	39.00	48.00	28.00	0.00	0.14	0.02	0.83	0.02	2.0e-03	0.15	0.96	0.82	0.01	0.07	0.00	0.78				14448027725.00	300.00	600.00
404BA1144	6/10/2008 0:00:00	404BA1144_6/10/2008_1	54.00	43.00	54.00	40.00	72.00	0.01	0.34	0.01	0.95	0.27	0.11	0.40	0.78	0.34	0.41	0.37	0.15	0.12				57733461815.00	300.00	600.00
404BA1166	6/10/2008 0:00:00	404BA1166_6/10/2008_1	52.00	51.00	49.00	60.00	33.00	0.11	0.20	0.11	0.96	0.12	0.15	0.10	0.87	0.53	0.03	0.11	0.06	0.90				31752293745.00	300.00	600.00
404BA1166	6/4/2009 0:00:00	404BA1166_6/4/2009_1	46.00	39.00	40.00	50.00	28.00	7.0e-03	0.11	0.01	0.78	0.07	0.04	0.12	0.98	0.83	0.00	0.05	0.00	0.98	29.00	6.00	7.00	20202203609.00	300.00	600.00
404S00808	6/22/2010 0:00:00	404S00808_6/22/2010_1	55.00	41.00	59.00	54.00	60.00	0.08	0.28	0.39	0.93	0.14	0.16	0.21	0.57	0.95	0.03	0.15	0.04	0.09	52.00	8.00	0.00	31757145703.00	300.00	600.00
404S01128	6/23/2010 0:00:00	404S01128_6/23/2010_1	52.00	47.00	48.00	66.00	17.00	0.00	0.00	0.09	0.95	0.01	0.01	0.08	0.89	1.00	0.00	0.00	0.00	0.97	18.00	3.00	0.00	54834065424.00	300.00	600.00
404S02920	5/12/2009 0:00:00	404S02920_5/12/2009_1	39.00	31.00	32.00	24.00	53.00	3.0e-03	0.21	7.0e-03	0.53	5.0e-03	6.0e-03	0.05	0.99	0.03	0.03	0.12	0.15	0.50	24.14	50.23	0.00	12914273474.00	300.00	600.00
404S03048	5/13/2009 0:00:00	404S03048_5/13/2009_1	16.00	21.00	12.00	20.00	10.00	0.00	0.00	4.0e-03	0.41	9.0e-03	0.01	0.02	0.98	0.51	0.00	0.00	0.00	1.00	6.96	59.02	0.00	14431353218.00	300.00	600.00
404S05992	5/12/2009 0:00:00	404S05992_5/12/2009_1	20.00	14.00	18.00	20.00	10.00	0.00	0.00	0.00	0.52	0.20	0.20	0.11	0.81	1.00	0.00	0.00	0.00	1.00	2.94	45.85	0.00	31746615293.00	300.00	600.00
404S06456	5/14/2009 0:00:00	404S06456_5/14/2009_1	45.00	31.00	41.00	32.00	58.00	0.00	0.33	9.0e-03	0.91	0.06	0.08	0.35	0.92	0.68	0.26	0.29	0.11	0.70	40.87	8.78	0.00	62309585976.00	300.00	600.00
404S08040	5/12/2009 0:00:00	404S08040_5/12/2009_1	60.00	79.00	76.00	86.00	43.00	0.40	0.04	0.91	0.96	0.82	0.89	0.07	0.08	0.42	0.53	0.29	0.04	0.00	44.88	5.85	0.00	72915002.73	300.00	600.00
404S08616	5/13/2009 0:00:00	404S08616_5/13/2009_1	62.00	53.00	69.00	66.00	63.00	2.0e-03	0.27	0.67	0.95	0.02	0.03	0.01	0.13	0.83	0.10	0.19	0.04	0.00	75.25	15.11	0.00	289000000000.00	300.00	600.00
404S08846	6/22/2010 0:00:00	404S08846_6/22/2010_1	65.00	44.00	62.00	58.00	77.00	0.00	0.42	0.00	0.99	0.01	0.09	0.03	0.97	0.94	0.03	0.22	0.21	0.00	71.00	0.00	0.00	54834263689.00	300.00	600.00
404S11406	5/11/2009 0:00:00	404S11406_5/11/2009_1	45.00	49.00	45.00	68.00	7.00	0.00	0.00	0.13	0.98	0.00	0.00	0.03	0.86	1.00	0.00	0.00	0.00	1.00	71.17	67.80	0.00	194000000000.00	300.00	600.00
404S11880	6/7/2011 0:00:00	404S11880_6/7/2011_1	20.00	14.00	18.00	20.00	13.00	8.0e-03	0.00	0.27	0.72	0.01	0.01	0.35	0.61	0.99	0.00	0.00	0.07	0.98	50.00	3.00	1.00	3089888564.00	331.00	600.00
404S13160	6/21/2010 0:00:00	404S13160_6/21/2010_1	49.00	39.00	42.00	54.00	27.00	0.00	0.12	0.02	0.85	0.03	0.05	0.09	0.92	0.99	0.00	0.06	0.00	1.00	10.00	11.00	0.00	2888101559.00	300.00	600.00
404S13416	6/8/2011 0:00:00	404S13416_6/8/2011_1	28.00	33.00	29.00	44.00	2.00	0.00	0.00	0.07	0.80	0.02	0.01	0.18	0.88	0.97	0.00	0.00	0.00	0.99	41.00	0.00	0.00	2308838899.00	300.00	600.00
404S13672	6/8/2011 0:00:00	404S13672_6/8/2011_1	40.00	44.00	41.00	60.00	13.00	0.02	0.05	0.06	0.95	0.07	0.07	0.10	0.89	0.99	0.00	0.02	0.00	0.99	89.00	0.00	0.00	513000000000.00	302.00	600.00
404S14952	6/15/2011 0:00:00	404S14952_6/15/2011_1	16.00	17.00	18.00	24.00	5.00	0.01	0.00	0.11	0.71	0.03	0.03	0.29	0.88	1.00	0.00	0.00	0.00	0.98	43.00	54.00	0.00	162000000000.00	305.00	600.00
404S16168	6/23/2010 0:00:00	404S16168_6/23/2010_1	51.00	41.00	48.00	54.00	40.00	3.0e-03	0.41	0.11	0.98	0.02	0.01	0.06	0.88	0.98	0.02	0.21	0.08	0.99	72.00	10.00	0.00	50934176048.00	300.00	600.00
404S16232	6/9/2011 0:00:00	404S16232_6/9/2011_1	34.00	39.00	38.00	46.00	20.00	0.01	0.05	0.12	0.82	0.05	0.06	0.18	0.83	0.57	0.00	0.02	0.00	0.82	45.00	1.00	0.00	60864267624.00	301.00	600.00
404S16516	5/18/2009 0:00:00	404S16516_5/18/2009_1	28.00	24.00	25.00	34.00	12.00	2.0e-03	0.09	0.16	0.72	2.0e-03	8.0e-03	0.28	0.83	1.00	0.00	0.04	0.00	1.00	76.16	5.85	0.00	63498699017.00	300.00	600.00
404S17266	5/19/2009 0:00:00	404S17266_5/19/2009_1	35.00	24.00	28.00	32.00	23.00	7.0e-03	0.00	7.0e-03	0.73	0.02	0.03	0.29	0.95	0.97	0.00	0.00	0.00	0.94	49.28	16.09	0.00	31746221684.00	300.00	600.00
404S17664	5/20/2009 0:00:00	404S17664_5/20/2009_1	48.00	44.00	48.00	52.00	43.00	0.00	0.00	0.11	0.89	5.0e-03	7.0e-03	0.06	0.96	0.54	0.00	0.00	0.00	0.26	20.63	1.95	0.00	92353256760.00	300.00	600.00
404S18666	6/15/2011 0:00:00	404S18666_6/15/2011_1	42.00	46.00	45.00	58.00	17.00	8.0e-03	0.00	0.09	0.92	0.06	0.05	0.12	0.88	0.71	0.00	0.00	0.00	0.71	55.00	5.00	0.00	23122640316.00	302.00	600.00
404S22464	5/19/2009 0:00:00	404S22464_5/19/2009_1	30.00	33.00	32.00	46.00	5.00	0.00	0.00	0.56	0.80	4.0e-03	4.0e-03	0.18	0.43	1.00	0.00	0.00	0.00	0.84	45.35	9.76	0.00	64159563481.00	300.00	600.00
404S25668	6/23/2010 0:00:00	404S25668_6/23/2010_1	29.00	33.00	29.00	46.00	0.00	0.00	0.00	0.21	0.86	0.04	0.03	0.16	0.75	1.00	0.00	0.00	0.00	1.00	63.00	23.00	0.00	14430026469.00	11.00	479.00
408BA0036	5/5/2008 0:00:00	408BA0036_5/5/2008_1	45.00	40.00	36.00	52.00	5.00	0.00	0.00	0.76	0.88	0.76	0.00	0.17	0.24	0.88	0.00	0.00	0.00	0.86				141000000000.00	300.00	600.00
408BA0268	5/6/2008 0:00:00	408BA0268_5/6/2008_1	28.00	23.00	26.00	10.00	58.00	0.00	0.16	0.01	0.51	0.00	0.00	0.22	0.71	0.43	0.46	0.31	0.16	0.00				2886024673.00	300.00	600.00
408BA0580	5/7/2008 0:00:00	408BA0580_5/7/2008_1	10.00	7.00	11.00	10.00	12.00	0.03	0.06	0.08	0.37	0.08	0.08	0.68	0.87	1.00	0.00	0.03	0.00	1.00				23088649244.00	300.00	600.00
408BA0660	5/6/2008 0:00:00	408BA0660_5/6/2008_1	21.00	20.00	21.00	28.00	10.00	0.00	0.00	0.23	0.85	5.0e-03	6.0e-03	0.43	0.76	1.00	0.00	0.00	0.00	1.00				40406278134.00	300.00	600.00
408BA0836	5/7/2008 0:00:00	408BA0836_5/7/2008_1	21.00	16.00	22.00	22.00	17.00	0.00	0.00	0.03	0.75	0.04	0.01	0.35	0.92	1.00	0.00	0.00	0.00	0.99				57720152433.00	300.00	600.00
408BA0916	5/8/2008 0:00:00	408BA0916_5/8/2008_1	38.00	40.00	38.00	56.00	5.00	7.0e-03	0.00	0.04	0.89	0.04	0.01	0.13	0.95	1.00	0.00	0.00	0.00	0.99				63494007646.00	300.00	600.00
408PS0032	5/21/2008 0:00:00	408PS0032_5/21/2008_1	21.00	30.00	34.00	26.00	28.00	0.00	0.00	0.00	0.95	0.00	0.00	0.80	1.00	0.19	0.00	0.00	0.00	0.00				388073.42	300.00	600.00
412PS0020	5/14/2008 0:00:00	412PS0020_5/14/2008_1	15.00	17.00	19.00	22.00	15.00	0.01	0.05	0.08	0.92	0.05	0.12	0.53	0.90	0.99	1.0e-03	0.03	0.00	0.99				723762207.10	300.00	600.00
412PS0020	5/22/2008 0:00:00	412PS0020_5/22/2008_1	16.00	20.00	20.00	26.00	12.00	0.02	0.00	0.12	0.89	0.03	0.18	0.39	0.81	0.99	0.00	0.00	0.00	0.99				725684976.80	300.00	600.00
412PS0040	5/20/2008 0:00:00	412PS0040_5/20/2008_1	21.00	11.00	18.00	10.00	37.00	2.0e-03	0.15	0.03	0.78	0.01	0.02	0.69	0.95	0.80	0.06	0.11	0.08	0.90				84725969.74	300.00	600.00
412PS0052	5/20/2008 0:00:00	412PS0052_5/20/2008_1	8.00	9.00	12.00	6.00	25.00	0.10	0.04	0.33	0.45	0.14	0.24	0.56	0.65	0.83	9.0e-03	0.02	0.00	0.74				13456744.38	300.00	600.00
845PS0011	5/14/2008 0:00:00	845PS0011_5/14/2008_1	32.00	36.00	36.00	46.00	17.00	0.14	0.07	0.29	0.87	0.24	0.26	0.23	0.75	0.92	0.05	0.06	0.00	0.90				1443111231.00	300.00	600.00
845PS0011	5/29/2008 0:00:00	845PS0011_5/29/2008_1	38.00	27.00	31.00	36.00	32.00	0.13	0.04	0.20	0.74	0.16	0.19	0.27	0.80	0.99	0.00	0.02	0.10	0.99				362856835.50	300.00	600.00
901ATCAAS	6/5/2008 0:00:00	901ATCAAS_6/5/2008_1	85.00	97.00	98.00	98.00	80.00	0.88	0.23	0.89	0.99	0.89	0.89	7.0e-03	0.10	1.0e-03	0.99	0.61	0.07	0.00				723101732.80	300.00	600.00
901CSCADC	5/26/2011 0:00:00	901CSCADC_5/26/2011_1	94.00	97.00	98.00	98.00	93.00	0.67	0.26	0.77	1.00	0.68	0.75	0.02	0.19	0.01	0.98	0.62	0.23	0.00	17.00	3.00	7.00	2936008881.00	313.00	614.00
901DCCSMC	5/16/2011 0:00:00	901DCCSMC_5/16/2011_1	81.00	96.00	90.00	94.00	82.00	0.34	0.30	0.76	0.98	0.47	0.85	0.01	0.20	0.00	0.98	0.64	0.30	0.00	8.00	2.00	3.00	28956155.35	318.00	605.00
901PS0057	5/14/2008 0:00:00	901PS0057_5/14/2008_1	36.00	26.00	35.00	32.00	33.00	0.01	0.20	0.05	0.92	0.03	0.03	0.34	0.92	0.97	0.01	0.10	0.10	0.55				147584098.80	300.00	600.00
901S00313	4/30/2009 0:00:00	901S00313_4/30/2009_1	78.00	76.00	84.00	76.00	90.00	0.00	0.48	6.0e-03	0.98	0.58	0.58	0.02	0.41	0.14	0.69	0.58	0.17	0.00	49.24	2.92	11.21	35874181.60	300.00	600.00
901S00469	5/13/2009 0:00:00	901S00469_5/13/2009_1	70.00	63.00	74.00	64.00	87.00	0.03	0.38	0.39	0.89	0.50	0.45	0.16	0.48	0.36	0.61	0.49	0.25	0.00	22.41	39.00	47.95	33405282.29	300.00	600.00
901S00531	5/7/2009 0:00:00	901S00531_5/7/2009_1	16.00	1.00	10.00	2.00	30.00	0.00	0.00	0.05	0.61	0.04	0.04	0.80	0.92	1.00	0.00	0.00	0.00	0.97	98.04	4.88	0.00	44888137500.00	300.00	600.00
901S00997	5/14/2009 0:00:00	901S00997_5/14/2009_1	44.00	47.00	42.00	66.00	5.00	2.0e-03	0.00	0.78	0.96	0.01	0.05	0.04	0.21	1.00	0.00	0.00	0.00	0.98	77.05	12.93	23.62	154000000000.00	300.00	600.00
901S01705	5/14/2009 0:00:00	901S01705_5/14/2009_1	82.00	76.00	85.00	84.00	83.00	0.76	0.29	0.79	0.98	0.84	0.80	0.12	0.19	0.42	0.50	0.40	0.17	0.00	51.97	16.09	26.00	6507863576.00	300.00	600.00
901S01811	5/7/2009 0:00:00	901S01811_5/7/2009_1	15.00	17.00	15.00	24.00	0.00	0.00	0.00	0.01	0.12	0.00	0.00	0.17	0.98	1.00	0.00	0.00	0.00	1.00	25.37	36.09	0.98	8658178582.00	300.00	600.00
901S01849	6/1/2010 0:00:00	901S01849_6/1/2010_1	52.00	51.00	59.00	34.00	87.00	0.07	0.40	0.08	0.84	0.45	0.21	0.39	0.71	3.0e-03	0.97	0.69	0.09	0.00	31.00	8.00	19.00	5822518598.00	300.00	600.00
901S02702	6/2/2010 0:00:00	901S02702_6/2/2010_1	31.00	20.00	34.00	28.00	37.00	0.01	0.10	0.06	0.90	0.01	0.02	0.33	0.92	1.00	0.00	0.05	0.00	0.45	18.00	20.00	6.00	130000000000.00	300.00	600.00
901S02873	6/1/2010 0:00:00	901S02873_6/1/2010_1	74.00	73.00	81.00	72.00	85.00	0.10	0.32	0.24	0.96	0.45	0.34	0.08	0.53	0.23	0.75	0.53	0.16	0.00	9.00	50.00	0.00	314633399.80	300.00	600.00
901S04309	5/16/2011 0:00:00	901S04309_5/16/2011_1	74.00	57.00	75.00	76.00	68.00	0.09	0.23	0.14	0.96	0.47	0.49	0.05	0.59	0.90	0.05	0.14	0.18	0.00	25.00	10.00	12.00	9926246.45	305.00	632.00
901S04409	5/19/2011 0:00:00	901S04409_5/19/2011_1	74.00	54.00	68.00	56.00	92.00	0.00	0.36	0.00	0.99	0.03	0.00	0.64	0.98	0.54	0.42	0.39	0.33	0.00	14.00	3.00	0.00	149695.90	300.00	600.00
901S04565	5/26/2011 0:00:00	901S04565_5/26/2011_1	61.00	53.00	60.00	36.00	98.00	3.0e-03	0.50	8.0e-03	0.78	0.18	0.17	0.34	0.91	0.02	0.97	0.73	0.30	0.00	12.00	25.00	5.00	30200995.64	303.00	600.00
901S06030	4/30/2009 0:00:00	901S06030_4/30/2009_1	24.00	6.00	16.00	6.00	43.00	0.00	0.20	0.13	0.60	2.0e-03	2.0e-03	0.41	0.80	0.90	0.00	0.10	0.13	0.72	29.16	55.11	2.05	14448476985.00	300.00	600.00
901S06798	5/17/2011 0:00:00	901S06798_5/17/2011_1	21.00	21.00	24.00	30.00	12.00	0.00	0.15	0.00	0.75	0.09	0.10	0.22	0.92	1.00	0.00	0.07	0.00	1.00	14.00	21.00	0.00	14430069407.00	302.00	600.00
901S06851	5/19/2011 0:00:00	901S06851_5/19/2011_1	9.00	4.00	19.00	6.00	28.00	0.00	0.00	0.11	0.46	0.10	0.03	0.51	0.87	1.00	0.00	0.00	0.00	0.00	42.00	3.00	0.00	46774890.58	303.00	707.00
901S39498	5/18/2010 0:00:00	901S39498_5/18/2010_1	14.00	9.00	24.00	10.00	38.00	0.00	0.00	0.02	0.57	0.03	0.03	0.60	0.94	0.99	0.00	0.00	0.00	0.00	83.00	3.00	0.00	33245189.27	300.00	600.00
901S45253	5/18/2010 0:00:00	901S45253_5/18/2010_1	34.00	36.00	32.00	44.00	13.00	2.0e-03	0.10	0.01	0.64	0.29	0.34	0.22	0.67	0.72	0.00	0.05	0.00	0.95	91.00	25.00	37.00	37539564377.00	300.00	600.00
901SCCA74	6/8/2010 0:00:00	901SCCA74_6/8/2010_1	82.00	89.00	91.00	86.00	87.00	0.38	0.31	0.54	0.99	0.66	0.65	0.05	0.32	0.04	0.94	0.63	0.18	0.00	40.00	1.00	18.00	11983612433.00	354.00	600.00
901SJSJC9	5/5/2008 0:00:00	901SJSJC9_5/5/2008_1																								
901SJSMT2	5/5/2008 0:00:00	901SJSMT2_5/5/2008_1																								
901SJSMT3	5/8/2008 0:00:00	901SJSMT3_5/8/2008_1																								
902S00117	5/25/2010 0:00:00	902S00117_5/25/2010_1	31.00	24.00	31.00	32.00	28.00	3.0e-03	0.13	0.13	0.92	0.01	0.01	0.67	0.85	0.96	0.00	0.06	0.06	0.49	20.00	35.00	7.00	2886134485.00	300.00	600.00
902S00565	4/27/2009 0:00:00	902S00565_4/27/2009_1	31.00	36.00	31.00	50.00	0.00	0.01	0.00	0.49	0.84	0.02	0.02	0.16	0.49	1.00	0.00	0.00	0.00	1.00	36.94	12.19	0.00	6855250541.00	300.00	600.00
902S01097	5/11/2009 0:00:00	902S01097_5/11/2009_1	29.00	33.00	29.00	46.00	0.00	0.06	0.00	0.09	0.92	0.07	0.08	0.24	0.91	1.00	0.00	0.00	0.00	1.00	18.04	6.83	0.00	43290075123.00	300.00	600.00
902S02293	5/27/2010 0:00:00	902S02293_5/27/2010_1	45.00	50.00	48.00	70.00	10.00	0.22	0.06	0.65	0.93	0.41	0.47	0.15	0.34	1.00	0.00	0.03	0.00	1.00	71.00	33.00	3.00	31864897423.00	300.00	600.00
902S02357	5/25/2010 0:00:00	902S02357_5/25/2010_1	45.00	43.00	46.00	58.00	23.00	0.06	0.13	0.37	0.97	0.10	0.12	0.25	0.62	0.89	0.00	0.06	0.05	0.89	61.00	19.00	0.00	36586969280.00	300.00	600.00
902S05173	5/17/2011 0:00:00	902S05173_5/17/2011_1	49.00	44.00	49.00	62.00	27.00	0.05	0.09	0.18	0.98	0.06	0.10	8.0e-03	0.86	1.00	0.00	0.04	0.00	0.99	43.00	9.00	0.00	18278814827.00	308.00	287.00
902SMSND3	5/6/2008 0:00:00	902SMSND3_5/6/2008_1																								
902SMSTN1	5/6/2008 0:00:00	902SMSTN1_5/6/2008_1																								
903SLGRD2	5/9/2008 0:00:00	903SLGRD2_5/9/2008_1																								
903SLKYS3	5/7/2008 0:00:00	903SLKYS3_5/7/2008_1																								
903SLMSA2	5/9/2008 0:00:00	903SLMSA2_5/9/2008_1																								
904CBAQH6	5/6/2008 0:00:00	904CBAQH6_5/6/2008_1																								
904CBESC8	5/9/2008 0:00:00	904CBESC8_5/9/2008_1																								
904PS0034	5/13/2008 0:00:00	904PS0034_5/13/2008_1	26.00	11.00	26.00	14.00	40.00	0.01	0.00	0.09	0.61	0.03	0.03	0.29	0.89	0.94	0.00	0.00	0.00	0.00				10793.75	7.00	600.00
904S00537	5/4/2009 0:00:00	904S00537_5/4/2009_1	24.00	21.00	22.00	30.00	15.00	5.0e-03	0.00	0.09	0.74	7.0e-03	0.04	0.24	0.90	1.00	0.00	0.00	0.00	0.99	17.73	15.69	0.00	34913641261.00	300.00	600.00
904S02201	5/19/2010 0:00:00	904S02201_5/19/2010_1	16.00	17.00	15.00	22.00	5.00	3.0e-03	0.00	0.13	0.75	0.02	0.01	0.39	0.87	0.90	0.00	0.00	0.00	1.00	5.00	95.00	0.00	30077899.25	300.00	600.00
904S02585	5/19/2010 0:00:00	904S02585_5/19/2010_1	56.00	63.00	56.00	58.00	52.00	8.0e-03	0.35	0.01	0.98	0.02	0.02	0.01	0.97	0.16	0.70	0.53	0.08	1.00	35.00	37.00	31.00	1711261.86	300.00	600.00
904S08089	5/20/2010 0:00:00	904S08089_5/20/2010_1	50.00	56.00	50.00	76.00	13.00	0.01	0.08	0.05	0.97	0.02	0.04	0.01	0.94	0.90	0.00	0.04	0.00	1.00	70.00	14.00	0.00	23137503824.00	300.00	600.00
904S12185	5/24/2011 0:00:00	904S12185_5/24/2011_1	39.00	44.00	40.00	54.00	18.00	0.02	0.08	0.03	0.84	0.03	0.06	0.04	0.90	0.61	0.00	0.04	0.00	0.93	25.00	9.00	3.00	288608737.50	302.00	600.00
905PS0026	5/13/2008 0:00:00	905PS0026_5/13/2008_1	39.00	44.00	39.00	42.00	38.00	0.00	0.00	0.02	0.70	0.02	0.04	0.24	0.84	0.00	0.00	0.00	0.00	0.00				721503997.10	3.00	600.00
905S01953	4/29/2009 0:00:00	905S01953_4/29/2009_1	46.00	39.00	49.00	38.00	62.00	0.00	0.17	7.0e-03	0.77	3.0e-03	4.0e-03	0.28	0.98	0.56	0.41	0.29	0.07	0.21	68.85	1.95	3.90	17146227338.00	300.00	600.00
905SDYSA7	5/6/2008 0:00:00	905SDYSA7_5/6/2008_1																								
906LPLPC6	5/7/2008 0:00:00	906LPLPC6_5/7/2008_1																								
906LPRSC4	5/7/2008 0:00:00	906LPRSC4_5/7/2008_1																								
906S02246	5/26/2010 0:00:00	906S02246_5/26/2010_1	40.00	53.00	40.00	64.00	5.00	3.0e-03	0.00	0.01	0.94	0.01	0.01	0.09	0.97	0.53	0.00	0.00	0.00	1.00	95.00	36.00	23.00	23088144179.00	300.00	600.00
907CCCR02	5/8/2008 0:00:00	907CCCR02_5/8/2008_1																								
907CCCR02	3/29/2010 0:00:00	907CCCR02_3/29/2010_1	80.00	76.00	86.00	98.00	53.00	0.97	0.11	0.98	0.99	0.99	0.99	0.00	0.01	0.67	6.0e-03	0.05	0.05	0.00					305.00	600.00
907CCCR02	5/5/2010 0:00:00	907CCCR02_5/5/2010_1	94.00	71.00	90.00	96.00	82.00	0.78	0.38	0.80	0.98	0.94	0.95	0.05	0.16	0.91	0.02	0.20	0.31	0.00					315.00	600.00
907CCCR02	6/9/2010 0:00:00	907CCCR02_6/9/2010_1	81.00	90.00	88.00	86.00	80.00	0.47	0.20	0.52	0.97	0.68	0.71	0.11	0.37	0.00	0.99	0.59	0.40	0.00	5.00	57.00	0.00	11455974.17	301.00	600.00
907CCCR02	7/13/2010 0:00:00	907CCCR02_7/13/2010_1	90.00	84.00	91.00	86.00	97.00	0.27	0.55	0.31	0.98	0.57	0.58	0.03	0.55	0.21	0.79	0.67	0.31	0.00					300.00	600.00
907CCCR02	8/24/2010 0:00:00	907CCCR02_8/24/2010_1	80.00	86.00	89.00	82.00	87.00	0.43	0.34	0.45	0.92	0.62	0.63	0.07	0.45	0.02	0.96	0.65	0.16	0.00					302.00	600.00
907S00577	5/12/2009 0:00:00	907S00577_5/12/2009_1	72.00	60.00	71.00	68.00	77.00	0.05	0.23	0.10	0.81	0.54	0.51	0.15	0.74	0.33	0.11	0.17	0.19	0.00	17.08	41.45	16.75	14431629565.00	300.00	600.00
907S01418	5/12/2009 0:00:00	907S01418_5/12/2009_1	86.00	86.00	89.00	82.00	95.00	0.65	0.44	0.68	0.93	0.80	0.81	0.13	0.28	0.02	0.97	0.70	0.32	0.00	22.88	20.00	19.90	328021113.50	300.00	600.00
907S02774	5/20/2010 0:00:00	907S02774_5/20/2010_1	61.00	69.00	75.00	92.00	32.00	0.55	0.06	0.96	0.99	0.97	0.98	0.03	0.03	0.94	0.01	0.04	0.00	0.00	49.00	0.00	11.00	32251427.81	300.00	600.00
907S03210	5/18/2011 0:00:00	907S03210_5/18/2011_1	69.00	71.00	74.00	66.00	77.00	0.04	0.42	0.25	0.89	0.31	0.25	0.05	0.66	0.00	0.71	0.57	0.42	0.00	11.00	36.00	0.00	39305.31	300.00	600.00
907S05514	5/18/2011 0:00:00	907S05514_5/18/2011_1	72.00	81.00	82.00	80.00	68.00	0.11	0.40	0.24	0.98	0.34	0.34	0.10	0.61	0.00	0.64	0.52	0.00	0.00	0.00	38.00	0.00	24912.21	303.00	600.00
907S46499	6/2/2010 0:00:00	907S46499_6/2/2010_1	34.00	46.00	45.00	52.00	18.00	0.22	0.00	0.30	0.79	0.38	0.36	0.18	0.55	0.43	0.00	0.00	0.00	0.00	0.00	12.00	0.00	6412.52	7.00	600.00
907SDCHC3	5/8/2008 0:00:00	907SDCHC3_5/8/2008_1																								
907SDFRC2	5/5/2008 0:00:00	907SDFRC2_5/5/2008_1																								
907SSDR11	5/5/2008 0:00:00	907SSDR11_5/5/2008_1																								
909SHAR02	5/8/2008 0:00:00	909SHAR02_5/8/2008_1																								
909SLAW02	5/6/2008 0:00:00	909SLAW02_5/6/2008_1																								
909SSWR08	5/5/2008 0:00:00	909SSWR08_5/5/2008_1																								
910DZRA03	5/6/2008 0:00:00	910DZRA03_5/6/2008_1																								
910S06570	5/24/2010 0:00:00	910S06570_5/24/2010_1	24.00	27.00	24.00	38.00	0.00	0.01	0.00	0.04	0.75	0.14	0.11	0.36	0.88	1.00	0.00	0.00	0.00	1.00	44.00	1.00	14.00	5770000000000.00	300.00	600.00
910S14762	5/26/2010 0:00:00	910S14762_5/26/2010_1	59.00	49.00	62.00	66.00	57.00	0.03	0.12	0.53	0.92	0.05	0.21	0.11	0.43	0.99	0.00	0.06	0.00	0.00	6.00	51.00	0.00	52095978.17	300.00	600.00
911S01142	5/24/2011 0:00:00	911S01142_5/24/2011_1	60.00	53.00	60.00	46.00	80.00	0.04	0.33	0.07	0.87	0.24	0.13	0.27	0.75	0.00	0.33	0.33	0.11	0.00	1.00	37.00	0.00	11181.86	301.00	265.00
911S02058	5/5/2009 0:00:00	911S02058_5/5/2009_1	86.00	81.00	88.00	82.00	93.00	0.79	0.31	0.83	0.99	0.87	0.87	0.12	0.13	0.12	0.81	0.56	0.23	0.00	12.84	16.83	9.93	115097503.90	300.00	600.00
911S04086	5/6/2009 0:00:00	911S04086_5/6/2009_1	56.00	61.00	55.00	66.00	40.00	0.00	0.00	0.03	0.91	0.02	2.0e-03	0.03	0.95	0.00	0.00	0.00	0.00	0.00	0.00	80.97	0.00	724419.10	300.00	600.00
911S12262	5/24/2010 0:00:00	911S12262_5/24/2010_1	40.00	33.00	41.00	30.00	55.00	3.0e-03	0.15	0.02	0.53	0.13	0.12	0.30	0.79	0.27	0.03	0.09	0.09	0.03	54.00	59.00	0.00	2912599094.00	300.00	600.00
911TCAM01	5/7/2008 0:00:00	911TCAM01_5/7/2008_1																								
911TJWIL3	5/6/2008 0:00:00	911TJWIL3_5/6/2008_1																								
911TJWIL3	5/25/2011 0:00:00	911TJWIL3_5/25/2011_1	52.00	50.00	49.00	58.00	42.00	0.08	0.23	0.12	0.98	0.16	0.18	0.17	0.84	0.52	0.01	0.12	0.12	0.88	10.00	4.00	0.00	2935206955.00	301.00	649.00
911TTJR01	5/5/2008 0:00:00	911TTJR01_5/5/2008_1																								
ABAB1	6/19/2008 0:00:00	ABAB1_6/19/2008_1	36.00	21.00	40.00	24.00	58.00	3.0e-03	0.23	0.02	0.58	0.02	4.0e-03	0.19	0.79	0.85	0.09	0.16	0.06	0.10	3.00	17.14	24.73	2886082952.00	300.00	600.00
AHAH1	6/16/2007 0:00:00	AHAH1_6/16/2007_1	76.00	60.00	61.00	72.00	68.00	0.03	0.40	0.05	0.99	0.09	0.10	0.01	0.87	0.58	0.12	0.26	0.30	0.96	12.34	0.95	17.74	35114692056.00	300.00	693.00
AHAH1	6/4/2008 0:00:00	AHAH1_6/4/2008_1	75.00	71.00	70.00	80.00	60.00	0.35	0.41	0.37	0.99	0.37	0.43	0.06	0.61	0.49	0.50	0.45	0.25	0.73	17.52	0.95	0.00	41131127306.00	300.00	600.00
ALAC2	6/17/2007 0:00:00	ALAC2_6/17/2007_1	34.00	46.00	34.00	54.00	2.00	0.00	0.00	0.12	0.91	6.0e-03	0.01	0.14	0.85	0.51	0.00	0.00	0.00	1.00	49.52	26.66	8.69	3019747924.00	300.00	658.00
ALWC1	6/18/2007 0:00:00	ALWC1_6/18/2007_1	35.00	47.00	41.00	46.00	30.00	1.0e-03	0.00	0.01	0.77	0.01	0.01	0.11	0.96	0.00	0.00	0.00	0.00	0.00	0.95	70.47	0.00	184559.59	300.00	695.00
CBAH1	6/28/2007 0:00:00	CBAH1_6/28/2007_1	48.00	39.00	39.00	54.00	25.00	0.00	0.11	0.01	0.87	0.03	0.03	0.06	0.96	1.00	0.00	0.05	0.11	1.00	9.61	3.80	54.44	3225976328.00	300.00	857.00
CBAH1	10/9/2007 0:00:00	CBAH1_10/9/2007_1	29.00	43.00	38.00	40.00	22.00	0.00	0.00	0.02	0.78	0.01	0.02	0.12	0.96	0.00	0.00	0.00	0.00	0.00	0.00	3.80	2.27	23422.19	300.00	648.00
CBAH1	6/16/2008 0:00:00	CBAH1_6/16/2008_1	15.00	14.00	16.00	20.00	7.00	0.00	0.16	0.01	0.60	0.01	0.01	0.10	0.95	0.99	0.00	0.08	0.00	1.00	0.96	21.90	1.14	646299126.80	300.00	600.00
CBAH1	11/6/2008 0:00:00	CBAH1_11/6/2008_1	48.00	47.00	49.00	50.00	52.00	0.00	0.13	0.01	0.84	7.0e-03	0.01	0.11	0.95	0.23	4.0e-03	0.06	0.07	0.23	0.00	0.95	0.00	11387380.40	300.00	600.00
CBES1	6/10/2007 0:00:00	CBES1_6/10/2007_1	48.00	47.00	45.00	66.00	15.00	1.0e-03	0.12	0.04	0.96	0.03	0.02	0.04	0.96	1.00	0.00	0.06	0.00	1.00	59.80	38.09	10.44	33879769032.00	300.00	794.00
CBLA1	6/10/2007 0:00:00	CBLA1_6/10/2007_1	11.00	3.00	6.00	4.00	17.00	6.0e-03	0.00	0.07	0.62	0.04	0.04	0.69	0.92	1.00	0.00	0.00	0.00	0.99	76.92	5.71	47.56	76447765061.00	300.00	655.00
CBLA1	10/7/2007 0:00:00	CBLA1_10/7/2007_1	20.00	16.00	14.00	22.00	10.00	0.03	0.00	0.28	0.87	0.07	0.08	0.51	0.71	1.00	0.00	0.00	0.00	1.00	17.14	10.47	52.57	37975149652.00	300.00	815.00
CBLA1	6/4/2008 0:00:00	CBLA1_6/4/2008_1	26.00	29.00	26.00	38.00	5.00	0.01	0.00	0.45	0.80	0.06	0.06	0.26	0.51	0.92	0.00	0.00	0.00	0.96	42.85	5.71	5.12	131000000000.00	300.00	600.00
CBLA1	11/6/2008 0:00:00	CBLA1_11/6/2008_1	51.00	37.00	39.00	46.00	43.00	0.06	0.16	0.46	0.89	0.19	0.18	0.18	0.57	0.86	0.04	0.10	0.16	0.93	3.88	43.80	6.06	31750115209.00	300.00	600.00
CLSD1	7/4/2007 0:00:00	CLSD1_7/4/2007_1	24.00	23.00	20.00	32.00	5.00	0.00	0.00	5.0e-03	0.87	0.02	0.03	0.35	0.98	1.00	0.00	0.00	0.00	1.00	74.03	16.19	16.98	361000000000.00	300.00	737.00
DGKC1	6/4/2008 0:00:00	DGKC1_6/4/2008_1	26.00	34.00	24.00	30.00	15.00	0.01	0.16	0.05	0.73	0.02	0.02	0.31	0.96	0.10	0.00	0.08	0.00	0.99	11.53	80.00	0.00	101000000000.00	300.00	600.00
FCFC1	6/19/2008 0:00:00	FCFC1_6/19/2008_1	28.00	33.00	32.00	26.00	37.00	7.0e-03	0.16	0.01	0.82	0.03	0.03	0.89	0.98	0.41	0.37	0.26	0.08	0.51	37.14	4.76	35.57	181000000000.00	300.00	600.00
GSAT1	7/3/2007 0:00:00	GSAT1_7/3/2007_1	40.00	31.00	39.00	40.00	37.00	0.00	0.18	0.28	1.00	9.0e-03	9.0e-03	0.26	0.71	0.90	0.10	0.14	0.09	0.76	55.23	0.00	29.52	452000000000.00	300.00	635.00
GSSJ1	7/3/2007 0:00:00	GSSJ1_7/3/2007_1	32.00	41.00	40.00	34.00	45.00	0.02	0.18	0.05	0.62	0.10	0.14	0.04	0.89	0.00	0.13	0.15	0.09	0.00	1.98	65.71	32.32	79519782.70	300.00	671.00
GVGV1	6/4/2008 0:00:00	GVGV1_6/4/2008_1	45.00	31.00	45.00	40.00	45.00	0.00	0.28	0.03	0.80	0.45	0.31	0.31	0.69	0.96	0.01	0.14	0.00	0.46	41.90	16.19	4.85	85301307568.00	300.00	600.00
LADC1	6/28/2007 0:00:00	LADC1_6/28/2007_1	44.00	51.00	45.00	52.00	42.00	0.02	0.00	0.05	0.90	0.06	0.10	0.22	0.90	0.00	0.00	0.00	0.00	0.00	0.95	28.57	0.00	46944.73	300.00	600.00
LALA1	6/27/2007 0:00:00	LALA1_6/27/2007_1	50.00	41.00	40.00	58.00	17.00	0.21	0.05	0.74	0.89	0.74	0.25	0.21	0.25	1.00	0.00	0.02	0.05	0.99	40.00	5.71	25.00	14633254830.00	300.00	600.00
LALK1	6/27/2007 0:00:00	LALK1_6/27/2007_1	64.00	57.00	58.00	76.00	33.00	0.44	0.13	0.48	0.99	0.53	0.57	0.15	0.45	0.96	0.02	0.07	0.10	0.96	51.45	57.14	12.65	58080047331.00	300.00	625.00
MALV1	7/2/2007 0:00:00	MALV1_7/2/2007_1	21.00	7.00	10.00	10.00	27.00	0.00	0.00	7.0e-03	0.66	4.0e-03	4.0e-03	0.42	0.98	0.99	0.00	0.00	0.09	0.98	2.85	46.66	28.23	2027875105.00	300.00	600.00
MAMC2	7/2/2007 0:00:00	MAMC2_7/2/2007_1	48.00	53.00	52.00	36.00	75.00	0.00	0.40	0.08	0.68	0.48	0.41	0.06	0.75	1.0e-03	0.99	0.70	0.10	1.0e-03	33.65	25.71	14.63	29281059301.00	300.00	600.00
MAMC2	6/13/2008 0:00:00	MAMC2_6/13/2008_1	56.00	51.00	49.00	66.00	28.00	7.0e-03	0.15	0.07	0.95	0.12	0.12	0.03	0.83	0.88	0.02	0.08	0.07	0.98	55.33	21.90	39.39	235000000000.00	300.00	600.00
MAMD1	7/1/2007 0:00:00	MAMD1_7/1/2007_1	51.00	49.00	44.00	58.00	28.00	0.00	0.08	0.01	0.97	0.02	0.02	0.01	0.98	0.63	0.04	0.06	0.08	0.92	59.04	36.19	42.85	178000000000.00	300.00	671.00
MAMD1	6/13/2008 0:00:00	MAMD1_6/13/2008_1	52.00	51.00	48.00	56.00	35.00	0.02	0.17	0.05	0.97	0.04	0.08	0.02	0.93	0.29	0.02	0.09	0.05	0.90	58.82	44.76	9.67	152000000000.00	300.00	600.00
MCMC1	6/18/2008 0:00:00	MCMC1_6/18/2008_1	45.00	50.00	50.00	66.00	13.00	0.01	0.09	0.02	0.95	0.08	0.08	0.02	0.89	0.80	0.00	0.04	0.00	0.68	36.78	12.38	1.14	73127411139.00	300.00	600.00
MCRC1	7/4/2007 0:00:00	MCRC1_7/4/2007_1	71.00	81.00	78.00	76.00	78.00	0.01	0.20	0.07	0.98	0.09	0.04	0.02	0.85	0.01	0.94	0.57	0.20	0.00	1.04	10.47	41.25	154873562.90	300.00	642.00
MCRC1	10/6/2007 0:00:00	MCRC1_10/6/2007_1	72.00	67.00	68.00	74.00	67.00	0.03	0.00	0.08	0.98	0.07	0.07	0.03	0.87	0.00	0.00	0.00	0.20	0.00	0.00	10.47	12.19	363012.30	300.00	684.00
MCRC1	6/18/2008 0:00:00	MCRC1_6/18/2008_1	61.00	53.00	50.00	70.00	35.00	0.02	0.14	0.04	0.95	0.05	0.06	0.04	0.89	0.99	0.01	0.07	0.14	1.00	20.87	6.66	1.09	76784003388.00	300.00	600.00
MCRC1	11/4/2008 0:00:00	MCRC1_11/4/2008_1	64.00	64.00	64.00	70.00	53.00	0.01	0.12	0.07	0.98	0.07	0.08	0.04	0.70	0.01	7.0e-03	0.06	0.14	0.00	0.00	1.90	0.98	5484.14	300.00	600.00
ME-CC	7/12/2010 0:00:00	ME-CC_7/12/2010_1	18.00	10.00	14.00	14.00	18.00	0.00	0.00	0.07	0.62	0.15	0.15	0.75	0.91	0.99	0.00	0.00	0.07	1.00	21.90	13.33	0.00	1443909166.00	300.00	600.00
ME-VR2	7/7/2010 0:00:00	ME-VR2_7/7/2010_1	68.00	64.00	72.00	72.00	63.00	0.19	0.26	0.49	0.95	0.40	0.43	0.06	0.47	0.55	0.43	0.35	0.16	0.00	9.47	2.00	0.00	2908357287.00	300.00	600.00
MTMT1	6/5/2008 0:00:00	MTMT1_6/5/2008_1	72.00	69.00	74.00	58.00	97.00	0.13	0.32	0.23	0.93	0.50	0.39	0.19	0.59	0.02	0.94	0.63	0.26	0.00	22.44	41.90	12.30	65125441481.00	300.00	600.00
MTTF1	6/5/2008 0:00:00	MTTF1_6/5/2008_1	86.00	83.00	89.00	86.00	88.00	0.02	0.42	0.51	0.99	0.80	0.70	0.03	0.40	0.18	0.65	0.53	0.20	0.00	23.59	33.33	37.70	21948674860.00	299.00	600.00
RCRC1	7/1/2007 0:00:00	RCRC1_7/1/2007_1	62.00	64.00	65.00	76.00	47.00	0.09	0.07	0.19	0.98	0.22	0.24	0.04	0.39	0.42	8.0e-03	0.04	0.07	0.00	3.29	5.71	32.43	1191858.25	300.00	600.00
SASA1	6/20/2008 0:00:00	SASA1_6/20/2008_1	65.00	69.00	65.00	92.00	22.00	0.17	0.03	0.85	0.95	0.79	0.93	0.04	0.06	0.99	5.0e-03	0.01	0.06	0.99	57.14	0.95	72.38	436000000000.00	300.00	600.00
SASN1	6/20/2008 0:00:00	SASN1_6/20/2008_1	25.00	29.00	25.00	40.00	2.00	0.01	0.00	0.57	0.95	0.07	0.09	0.37	0.42	1.00	0.00	0.00	0.00	1.00	0.00	12.38	0.00	1443014373.00	300.00	600.00
SASV1	6/13/2007 0:00:00	SASV1_6/13/2007_1	75.00	74.00	78.00	80.00	70.00	0.01	0.12	0.26	0.97	0.37	0.38	0.07	0.76	0.03	0.29	0.20	0.12	0.00	6.66	17.14	1.04	6281946.06	300.00	702.00
SCSC2	6/20/2007 0:00:00	SCSC2_6/20/2007_1	44.00	47.00	44.00	66.00	5.00	0.01	0.00	0.16	0.88	0.38	0.38	0.19	0.51	1.00	0.00	0.00	0.00	0.99	83.80	48.57	36.45	2898404932.00	300.00	647.00
SCSL1	6/16/2008 0:00:00	SCSL1_6/16/2008_1	55.00	54.00	54.00	64.00	42.00	0.07	0.12	0.09	0.95	0.19	0.35	0.07	0.84	0.75	0.21	0.16	0.12	0.74	83.65	10.47	14.42	206000000000.00	300.00	600.00
SCSP2	6/16/2008 0:00:00	SCSP2_6/16/2008_1	49.00	37.00	40.00	48.00	37.00	0.03	0.07	0.04	0.91	0.19	0.26	0.20	0.78	0.98	0.02	0.04	0.07	1.00	18.03	21.90	65.57	48387419923.00	300.00	600.00
SCSS1	6/17/2008 0:00:00	SCSS1_6/17/2008_1	74.00	74.00	70.00	78.00	57.00	0.18	0.42	0.20	0.98	0.24	0.27	0.03	0.71	0.33	0.66	0.54	0.42	0.71	3.26	9.52	1.12	4642906022.00	300.00	600.00
SDBC1	6/6/2007 0:00:00	SDBC1_6/6/2007_1	36.00	47.00	41.00	46.00	35.00	1.0e-03	0.00	0.05	0.78	0.02	0.01	0.07	0.93	0.00	0.00	0.00	0.00	0.00	0.00	53.33	1.05	232105.76	300.00	682.00
SDBG1	7/5/2007 0:00:00	SDBG1_7/5/2007_1	15.00	19.00	22.00	8.00	47.00	3.0e-03	0.09	0.05	0.60	0.02	0.05	0.45	0.91	0.14	4.0e-03	0.04	0.00	0.00	5.71	28.57	4.08	7824153.95	300.00	641.00
SDSD1	6/12/2007 0:00:00	SDSD1_6/12/2007_1	29.00	27.00	30.00	36.00	20.00	0.00	0.05	0.27	0.85	0.02	0.02	0.32	0.71	0.92	0.00	0.02	0.00	0.97	50.47	33.65	7.00	98127548423.00	300.00	662.00
SDSD3	6/6/2007 0:00:00	SDSD3_6/6/2007_1	29.00	19.00	34.00	18.00	52.00	0.00	0.17	0.12	0.75	0.08	0.07	0.73	0.86	0.74	7.0e-03	0.09	0.08	0.00	14.28	19.04	1.94	162538917.50	300.00	600.00
SDSD3	10/8/2007 0:00:00	SDSD3_10/8/2007_1	31.00	31.00	45.00	40.00	32.00	0.00	0.15	0.15	0.85	0.01	0.02	0.32	0.67	0.84	0.00	0.07	0.00	0.00	4.80	20.00	7.44	282399.93	300.00	699.00
SDSD3	6/2/2008 0:00:00	SDSD3_6/2/2008_1	19.00	13.00	16.00	16.00	17.00	3.0e-03	0.00	0.01	0.85	4.0e-03	4.0e-03	0.65	0.97	0.99	0.00	0.00	0.08	0.99	8.82	4.76	11.11	367398106.80	300.00	600.00
SDSD3	11/6/2008 0:00:00	SDSD3_11/6/2008_1	28.00	29.00	28.00	28.00	25.00	0.01	0.05	0.21	0.83	0.03	0.03	0.55	0.65	0.50	1.0e-03	0.02	0.00	0.99	1.96	37.14	19.60	2906166175.00	300.00	600.00
SDSR1	6/13/2008 0:00:00	SDSR1_6/13/2008_1	10.00	9.00	11.00	12.00	8.00	0.00	0.00	0.01	0.61	0.01	0.01	0.67	0.96	1.00	0.00	0.00	0.00	0.95	20.87	33.33	14.28	51968458181.00	300.00	600.00
SGCC1	6/20/2007 0:00:00	SGCC1_6/20/2007_1	44.00	43.00	51.00	58.00	30.00	0.10	0.06	0.70	0.78	0.57	0.31	0.26	0.30	0.98	0.00	0.03	0.00	0.00	39.04	0.95	5.26	19513907.93	300.00	600.00
SGCR1	6/21/2007 0:00:00	SGCR1_6/21/2007_1	32.00	20.00	24.00	28.00	23.00	0.00	0.17	0.33	0.95	0.33	0.00	0.61	0.63	1.00	0.00	0.08	0.04	1.00	50.96	16.19	0.00	142000000000.00	300.00	600.00
SGLT506	6/17/2009 0:00:00	SGLT506_6/17/2009_1																								
SGLT506	7/6/2010 0:00:00	SGLT506_7/6/2010_1																			54.80	20.00	11.88			
SGLT506	6/30/2011 0:00:00	SGLT506_6/30/2011_1																								
SGLT507	5/26/2009 0:00:00	SGLT507_5/26/2009_1																								
SGLT507	5/26/2010 0:00:00	SGLT507_5/26/2010_1																								
SGLT507	6/27/2011 0:00:00	SGLT507_6/27/2011_1																								
SGLT508	5/26/2009 0:00:00	SGLT508_5/26/2009_1																								
SGLT508	5/26/2010 0:00:00	SGLT508_5/26/2010_1																								
SGLT508	6/27/2011 0:00:00	SGLT508_6/27/2011_1																								
SGUT504	6/16/2009 0:00:00	SGUT504_6/16/2009_1																								
SGUT504	7/7/2010 0:00:00	SGUT504_7/7/2010_1																			8.73	6.66	22.11			
SGUT504	6/30/2011 0:00:00	SGUT504_6/30/2011_1																								
SGWC1	6/20/2007 0:00:00	SGWC1_6/20/2007_1	55.00	56.00	52.00	76.00	17.00	0.72	0.00	0.76	0.89	0.76	0.76	0.17	0.21	0.99	0.00	0.00	0.05	0.98	8.43	60.00	10.00	293240286.20	300.00	600.00
SGWC1	10/5/2007 0:00:00	SGWC1_10/5/2007_1	20.00	37.00	34.00	24.00	32.00	0.13	0.05	0.25	0.63	0.19	0.22	0.48	0.67	0.32	0.67	0.36	0.05	0.30	1.36	58.09	40.00	571332119.80	300.00	635.00
SGWC1	6/9/2008 0:00:00	SGWC1_6/9/2008_1	28.00	19.00	22.00	26.00	25.00	0.26	0.00	0.27	0.66	0.27	0.27	0.56	0.69	1.00	0.00	0.00	0.04	1.00	23.07	52.38	8.47	39611827835.00	300.00	600.00
SGWC1	11/2/2008 0:00:00	SGWC1_11/2/2008_1	40.00	47.00	46.00	42.00	45.00	0.24	0.11	0.45	0.86	0.35	0.36	0.36	0.54	0.25	0.49	0.30	0.07	0.33	6.06	23.80	9.37	1447527487.00	300.00	600.00
SGWC2	6/26/2007 0:00:00	SGWC2_6/26/2007_1	49.00	53.00	48.00	68.00	13.00	6.0e-03	0.15	0.02	0.97	0.02	0.02	0.10	0.97	0.88	0.01	0.08	0.00	0.99	38.09	12.38	13.40	31934035759.00	300.00	688.00
SJBL1	6/14/2007 0:00:00	SJBL1_6/14/2007_1	79.00	69.00	72.00	74.00	70.00	0.01	0.13	0.03	0.91	0.43	0.16	0.03	0.75	0.11	0.22	0.18	0.17	0.00	10.67	26.21	2.50	6121669194.00	300.00	637.00
SJBL1	6/3/2008 0:00:00	SJBL1_6/3/2008_1	82.00	76.00	81.00	70.00	98.00	0.02	0.55	0.03	0.96	0.15	0.08	0.04	0.84	0.04	0.87	0.71	0.38	0.00	13.97	9.52	5.43	14431625086.00	300.00	600.00
SJMO1	6/3/2008 0:00:00	SJMO1_6/3/2008_1	80.00	79.00	82.00	76.00	85.00	0.06	0.27	0.12	1.00	0.11	0.11	0.04	0.71	0.02	0.76	0.51	0.18	0.00	8.08	1.90	0.00	5772137948.00	300.00	600.00
SJOF1	5/16/2008 0:00:00	SJOF1_5/16/2008_1	54.00	47.00	55.00	44.00	70.00	0.03	0.23	0.09	0.89	0.09	0.09	0.26	0.83	0.07	0.12	0.18	0.10	0.00	47.05	55.23	4.00	363000000000.00	300.00	600.00
SJOS1	6/11/2007 0:00:00	SJOS1_6/11/2007_1	15.00	14.00	15.00	20.00	5.00	0.00	0.11	0.35	0.73	0.09	0.09	0.35	0.64	1.00	0.00	0.05	0.00	1.00	61.90	0.00	17.44	113000000000.00	300.00	604.00
SJSJ2	6/5/2007 0:00:00	SJSJ2_6/5/2007_1	48.00	54.00	48.00	56.00	38.00	0.03	0.00	0.08	0.82	0.07	0.08	0.08	0.86	0.00	0.00	0.00	0.00	0.00	0.00	74.28	0.00	45865.80	300.00	654.00
SJSJ5	5/13/2008 0:00:00	SJSJ5_5/13/2008_1	86.00	76.00	85.00	86.00	80.00	0.05	0.32	0.71	0.99	0.69	0.53	0.02	0.20	0.54	0.45	0.38	0.20	0.00	47.95	2.85	25.58	84101245320.00	300.00	600.00
SJTC1	6/10/2007 0:00:00	SJTC1_6/10/2007_1	38.00	31.00	38.00	34.00	43.00	0.00	0.16	0.38	0.87	0.07	0.05	0.29	0.61	0.54	0.00	0.08	0.08	0.54	60.00	10.47	0.00	79303157805.00	300.00	620.00
SJTC2	6/14/2007 0:00:00	SJTC2_6/14/2007_1	75.00	69.00	71.00	76.00	73.00	0.04	0.18	0.11	0.93	0.20	0.26	0.04	0.78	7.0e-03	0.03	0.10	0.18	0.00	5.71	16.19	0.00	49103698.96	300.00	625.00
SJTC3	6/10/2007 0:00:00	SJTC3_6/10/2007_1	60.00	63.00	55.00	64.00	47.00	0.00	0.25	0.01	0.95	0.03	0.03	0.02	0.95	0.30	0.48	0.36	0.16	0.90	25.96	25.96	1.23	45712394955.00	300.00	657.00
SJTC3	10/8/2007 0:00:00	SJTC3_10/8/2007_1	55.00	61.00	61.00	66.00	43.00	0.02	0.25	0.06	0.92	0.15	0.11	0.06	0.86	0.00	0.00	0.12	0.12	0.00	15.23	24.76	0.00	33024.59	300.00	640.00
SJTC3	6/13/2008 0:00:00	SJTC3_6/13/2008_1	45.00	43.00	44.00	50.00	35.00	0.01	0.10	0.03	0.85	0.08	0.12	0.10	0.77	0.68	0.12	0.11	0.00	0.74	36.27	37.14	1.26	72200112759.00	300.00	600.00
SJTC3	11/7/2008 0:00:00	SJTC3_11/7/2008_1	64.00	61.00	69.00	56.00	83.00	0.01	0.53	0.07	0.93	0.09	0.10	0.13	0.77	0.01	0.56	0.55	0.15	0.00	2.88	23.80	1.92	3066573988.00	300.00	600.00
SLGD1	6/18/2008 0:00:00	SLGD1_6/18/2008_1	16.00	31.00	22.00	26.00	8.00	3.0e-03	0.00	9.0e-03	0.78	0.01	0.02	0.29	0.97	0.02	0.00	0.00	0.00	0.54	5.82	58.09	1.14	87293590674.00	300.00	600.00
SLSL4	6/28/2007 0:00:00	SLSL4_6/28/2007_1	54.00	46.00	49.00	60.00	42.00	0.00	0.23	0.57	0.88	0.14	0.35	0.14	0.42	0.91	0.07	0.15	0.16	0.89	69.60	21.90	31.91	87097845560.00	300.00	663.00
SLWM1	6/12/2007 0:00:00	SLWM1_6/12/2007_1	51.00	37.00	40.00	52.00	33.00	5.0e-03	0.16	0.03	0.85	0.01	0.01	0.09	0.91	1.00	0.00	0.08	0.16	1.00	58.09	39.04	2.66	69264672919.00	300.00	661.00
SMAD1	6/26/2007 0:00:00	SMAD1_6/26/2007_1	76.00	63.00	65.00	70.00	73.00	0.00	0.00	0.01	0.97	0.06	0.02	0.09	0.86	1.0e-03	0.00	0.00	0.28	0.00	0.95	3.80	60.41	7709571.06	300.00	671.00
SMAD1	10/7/2007 0:00:00	SMAD1_10/7/2007_1	76.00	64.00	66.00	70.00	77.00	0.02	0.00	0.08	0.97	0.03	0.02	0.09	0.89	0.00	0.00	0.00	0.25	0.00	0.96	3.80	31.74	2151617.67	300.00	621.00
SMAD1	6/18/2008 0:00:00	SMAD1_6/18/2008_1	66.00	59.00	56.00	62.00	62.00	5.0e-03	0.00	0.06	0.97	0.03	0.04	0.12	0.82	0.00	0.00	0.00	0.25	0.00	0.00	16.19	0.00	9276158.21	300.00	600.00
SMAD1	11/5/2008 0:00:00	SMAD1_11/5/2008_1	64.00	56.00	54.00	58.00	62.00	0.00	0.00	0.35	0.97	0.02	0.01	0.13	0.56	0.00	0.00	0.00	0.25	0.00	0.00	2.85	9.30	87092987.05	300.00	600.00
SMAS1	5/12/2008 0:00:00	SMAS1_5/12/2008_1	51.00	44.00	52.00	28.00	92.00	5.0e-03	0.26	0.06	0.52	0.08	0.08	0.20	0.89	0.10	0.75	0.50	0.20	0.00	4.44	4.00	0.00	6092954633.00	300.00	600.00
SMC00105	5/12/2009 0:00:00	SMC00105_5/12/2009_1	69.00	59.00	71.00	62.00	83.00	0.14	0.33	0.22	0.82	0.48	0.42	0.13	0.60	0.53	0.46	0.39	0.25	0.00	34.04	1.42	0.00	3435234457.00	300.00	600.00
SMC00153	6/8/2009 0:00:00	SMC00153_6/8/2009_1	15.00	27.00	24.00	18.00	22.00	0.00	0.00	0.07	0.52	0.07	0.07	0.06	0.87	0.00	0.00	0.00	0.00	0.00	32.38	15.23	0.00	13763448.17	300.00	391.00
SMC00191	7/12/2010 0:00:00	SMC00191_7/12/2010_1	46.00	69.00	60.00	76.00	18.00	0.24	0.00	0.39	0.96	0.51	0.65	0.05	0.50	0.00	0.00	0.00	0.00	0.00	27.72	0.00	0.00	461.57	2.00	600.00
SMC00198	6/3/2009 0:00:00	SMC00198_6/3/2009_1	45.00	50.00	42.00	68.00	5.00	0.00	0.00	4.0e-03	0.94	4.0e-03	4.0e-03	0.03	0.99	0.97	0.00	0.00	0.00	1.00	68.57	12.38	0.96	91433240899.00	300.00	600.00
SMC00206	5/18/2009 0:00:00	SMC00206_5/18/2009_1	48.00	56.00	51.00	56.00	47.00	0.00	0.25	6.0e-03	0.78	0.02	0.02	0.05	0.96	0.00	0.03	0.14	0.00	0.00	11.42	0.00	0.00	13715058031.00	300.00	600.00
SMC00236	5/18/2010 0:00:00	SMC00236_5/18/2010_1																								
SMC00277	5/27/2010 0:00:00	SMC00277_5/27/2010_1																								
SMC00309	6/14/2010 0:00:00	SMC00309_6/14/2010_1																								
SMC00318	6/15/2010 0:00:00	SMC00318_6/15/2010_1				4.00	35.00	0.00	0.00	0.05	0.43	0.05	0.00	0.63	0.93	0.93	0.00	0.00	0.00	0.08	37.14	0.00	0.00	323460145.60	351.00	600.00
SMC00324	6/21/2010 0:00:00	SMC00324_6/21/2010_1	32.00	29.00	30.00	40.00	23.00	0.15	0.00	0.25	0.85	0.25	0.32	0.30	0.68	1.00	0.00	0.00	0.00	0.92	29.52	22.85	0.00	14431692966.00	300.00	600.00
SMC00345	7/19/2011 0:00:00	SMC00345_7/19/2011_1	42.00	49.00	42.00	48.00	33.00	0.00	0.00	0.11	0.88	0.05	0.05	0.15	0.87	0.00	0.00	0.00	0.00	0.00	0.00	0.95	15.84	125.77	2.00	600.00
SMC00375	6/8/2010 0:00:00	SMC00375_6/8/2010_1	20.00	21.00	21.00	30.00	7.00	0.02	0.00	0.14	0.84	0.12	0.13	0.35	0.84	0.99	0.00	0.00	0.00	0.99	0.95	0.95	0.00	422393227.70	15.00	600.00
SMC00382	6/23/2009 0:00:00	SMC00382_6/23/2009_1	12.00	16.00	25.00	20.00	20.00	0.00	0.00	0.00	0.96	0.00	0.00	0.56	0.56	0.89	0.00	0.00	0.00	0.00	0.00	2.85	8.57	17775885.17	300.00	600.00
SMC00436	5/26/2009 0:00:00	SMC00436_5/26/2009_1	14.00	17.00	25.00	18.00	33.00	0.02	0.00	0.15	0.77	0.04	0.13	0.57	0.86	0.76	0.00	0.00	0.05	0.00	72.38	0.95	0.00	16656255.86	300.00	600.00
SMC00440	5/20/2009 0:00:00	SMC00440_5/20/2009_1	31.00	36.00	32.00	30.00	40.00	0.09	0.00	0.16	0.56	0.17	0.18	0.35	0.76	0.00	0.00	0.00	0.00	0.00	0.95	0.00	0.00	594773.25	300.00	600.00
SMC00446	7/1/2010 0:00:00	SMC00446_7/1/2010_1				16.00	40.00	0.00	0.00	0.16	0.35	0.26	0.26	0.35	0.99	0.00	0.00	0.00	0.00	0.00	0.00	0.00	0.00	259830.46	300.00	600.00
SMC00457	6/4/2009 0:00:00	SMC00457_6/4/2009_1	46.00	46.00	40.00	64.00	13.00	0.00	0.00	0.00	0.94	2.0e-03	2.0e-03	0.05	0.99	1.00	0.00	0.00	0.00	1.00	59.18	3.80	6.00	171000000000.00	300.00	600.00
SMC00473	6/3/2009 0:00:00	SMC00473_6/3/2009_1	29.00	34.00	36.00	28.00	43.00	0.00	0.00	0.06	0.85	0.00	3.0e-03	0.39	0.93	0.00	0.00	0.00	0.00	0.00	2.02	79.04	0.00	34289396.41	3.00	600.00
SMC00479	7/13/2011 0:00:00	SMC00479_7/13/2011_1	2.00	3.00	11.00	2.00	18.00	0.01	0.00	0.08	0.24	0.01	0.01	0.82	0.91	0.98	0.00	0.00	0.00	0.32	67.61	0.00	0.00	68997679.46	302.00	600.00
SMC00531	5/18/2009 0:00:00	SMC00531_5/18/2009_1	21.00	4.00	14.00	2.00	45.00	2.0e-03	0.15	0.01	0.57	0.01	0.02	0.51	0.97	0.97	0.01	0.08	0.07	0.98	83.80	0.00	0.00	144000000000.00	300.00	600.00
SMC00559	5/19/2010 0:00:00	SMC00559_5/19/2010_1																								
SMC00598	6/15/2010 0:00:00	SMC00598_6/15/2010_1																								
SMC00608	6/27/2011 0:00:00	SMC00608_6/27/2011_1	66.00	66.00	64.00	92.00	23.00	0.79	0.00	0.92	0.97	0.91	0.92	0.03	0.07	1.00	0.00	0.00	0.03	0.99	45.63	0.00	0.00	125000000000.00	475.00	600.00
SMC00632	6/13/2011 0:00:00	SMC00632_6/13/2011_1	15.00	13.00	16.00	14.00	18.00	7.0e-03	0.11	0.05	0.29	0.10	0.10	0.38	0.94	0.94	0.05	0.08	0.06	0.94	18.09	18.09	0.00	25029564328.00	318.00	602.00
SMC00665	7/27/2011 0:00:00	SMC00665_7/27/2011_1	45.00	46.00	51.00	44.00	57.00	0.00	0.25	0.01	0.81	0.03	0.03	0.21	0.92	0.35	0.40	0.33	0.00	0.00	0.00	1.90	0.00	412170.72	301.00	600.00
SMC00670	5/21/2009 0:00:00	SMC00670_5/21/2009_1	26.00	11.00	25.00	14.00	47.00	0.00	0.06	4.0e-03	0.39	0.00	0.00	0.46	0.98	0.99	0.00	0.03	0.07	0.50	70.47	0.00	0.00	30009794758.00	300.00	478.00
SMC00684	6/27/2011 0:00:00	SMC00684_6/27/2011_1	80.00	83.00	85.00	92.00	67.00	0.74	0.08	0.87	0.99	0.89	0.92	0.01	0.09	3.0e-03	0.28	0.18	0.05	0.00	3.80	0.00	0.00	921968626.20	302.00	600.00
SMC00686	6/27/2011 0:00:00	SMC00686_6/27/2011_1	36.00	34.00	42.00	42.00	35.00	3.0e-03	0.10	0.44	0.80	0.01	0.01	0.32	0.45	0.82	0.10	0.10	0.05	0.23	40.95	9.52	0.00	72427672976.00	337.00	600.00
SMC00693	5/31/2010 0:00:00	SMC00693_5/31/2010_1	42.00	46.00	44.00	64.00	8.00	2.0e-03	0.00	0.01	0.95	0.02	0.01	0.06	0.96	1.00	0.00	0.00	0.00	0.98	32.38	35.23	0.00	12241682152.00	300.00	600.00
SMC00702	7/19/2011 0:00:00	SMC00702_7/19/2011_1	39.00	41.00	41.00	54.00	15.00	0.21	0.10	0.43	0.94	0.28	0.29	0.27	0.55	0.99	2.0e-03	0.05	0.00	0.99	98.09	0.00	0.00	10825987639.00	359.00	600.00
SMC00710	6/3/2009 0:00:00	SMC00710_6/3/2009_1	44.00	43.00	44.00	58.00	15.00	0.04	0.12	0.05	0.97	0.09	0.13	0.14	0.90	0.98	0.00	0.06	0.00	0.94	67.64	3.80	0.00	134000000000.00	300.00	600.00
SMC00729	6/3/2009 0:00:00	SMC00729_6/3/2009_1	29.00	29.00	32.00	18.00	57.00	6.0e-03	0.20	0.33	0.65	0.02	0.11	0.31	0.67	0.00	2.0e-03	0.10	0.00	0.00	5.00	1.00	0.00	54717410.13	300.00	181.00
SMC00748	7/12/2011 0:00:00	SMC00748_7/12/2011_1	35.00	34.00	48.00	42.00	42.00	8.0e-03	0.00	0.02	0.97	0.01	0.01	0.17	0.97	0.71	0.00	0.00	0.00	0.00	16.19	0.00	0.00	28776420.07	370.00	600.00
SMC00756	6/23/2009 0:00:00	SMC00756_6/23/2009_1																			0.00	0.00	0.00			
SMC00766	7/11/2011 0:00:00	SMC00766_7/11/2011_1	39.00	40.00	30.00	38.00	25.00	0.00	0.00	0.05	0.86	0.04	0.05	0.24	0.74	0.08	0.00	0.00	0.11	1.00	9.09	9.80	0.00	35295950212.00	300.00	600.00
SMC00830	7/12/2011 0:00:00	SMC00830_7/12/2011_1	26.00	34.00	38.00	30.00	40.00	3.0e-03	0.00	0.27	0.96	0.05	0.03	0.48	0.71	6.0e-03	0.00	0.00	0.00	0.00	74.07	1.21	0.00	13964677956.00	866.00	600.00
SMC00857	7/13/2011 0:00:00	SMC00857_7/13/2011_1	31.00	30.00	31.00	42.00	15.00	0.02	0.00	0.05	0.88	0.02	0.03	0.32	0.90	1.00	0.00	0.00	0.00	1.00	59.04	15.23	0.00	58055673250.00	300.00	600.00
SMC00873	5/18/2009 0:00:00	SMC00873_5/18/2009_1	51.00	51.00	49.00	60.00	33.00	0.00	0.15	4.0e-03	0.99	0.00	0.00	0.02	0.98	0.71	0.29	0.22	0.15	0.98	50.00	0.95	0.96	54840355778.00	300.00	600.00
SMC00899	7/12/2011 0:00:00	SMC00899_7/12/2011_1	24.00	30.00	38.00	26.00	42.00	0.00	0.11	0.12	0.97	0.00	0.00	0.31	0.87	0.51	0.22	0.16	0.03	0.00	72.38	0.00	0.00	251237349.80	400.00	600.00
SMC00910	4/30/2009 0:00:00	SMC00910_4/30/2009_1	11.00	26.00	20.00	12.00	25.00	0.00	0.27	4.0e-03	0.52	4.0e-03	8.0e-03	0.31	0.99	0.43	0.57	0.42	0.00	1.00	26.66	0.00	0.00	29267951703.00	300.00	600.00
SMC00921	6/2/2010 0:00:00	SMC00921_6/2/2010_1	56.00	60.00	61.00	84.00	18.00	0.65	0.00	0.83	0.94	0.81	0.85	0.08	0.14	0.99	0.00	0.00	0.00	0.65	28.57	19.04	22.11	45903620234.00	300.00	600.00
SMC00926	6/28/2010 0:00:00	SMC00926_6/28/2010_1				72.00	55.00	0.12	0.18	0.78	0.83	0.46	0.78	0.08	0.22	0.14	0.85	0.51	0.04	0.14	35.29	29.52	0.00	15135903142.00	300.00	600.00
SMC00957	6/21/2010 0:00:00	SMC00957_6/21/2010_1				26.00		0.00		0.05	0.79	0.01	0.01	0.69	0.91						10.47	39.04	0.95			600.00
SMC00958	7/19/2011 0:00:00	SMC00958_7/19/2011_1	60.00	49.00	56.00	68.00	42.00	0.40	0.03	0.55	0.86	0.49	0.49	0.21	0.44	1.00	0.00	0.01	0.08	0.98	76.19	3.84	0.00	32938355775.00	440.00	600.00
SMC00963	6/17/2010 0:00:00	SMC00963_6/17/2010_1	44.00	46.00	45.00	64.00	12.00	5.0e-03	0.00	0.01	0.98	9.0e-03	0.01	0.07	0.96	1.00	0.00	0.00	0.00	1.00	58.09	2.85	0.00	40404331590.00	300.00	600.00
SMC01004	5/26/2009 0:00:00	SMC01004_5/26/2009_1					50.00		0.00							0.00	0.00	0.00	0.00	0.00	47.61	0.95	0.00	21284046523.00	300.00	
SMC01013	6/24/2010 0:00:00	SMC01013_6/24/2010_1	61.00	49.00	68.00	64.00	65.00	0.29	0.25	0.42	0.98	0.46	0.46	0.25	0.52	0.94	0.05	0.15	0.00	0.00	76.66	22.33	0.00	37822224690.00	300.00	600.00
SMC01046	5/21/2009 0:00:00	SMC01046_5/21/2009_1	25.00	14.00	21.00	18.00	32.00	0.00	0.11	0.13	0.83	9.0e-03	0.01	0.51	0.84	0.95	0.00	0.05	0.00	0.97	47.61	13.33	1.90	74343177437.00	300.00	600.00
SMC01049	6/15/2010 0:00:00	SMC01049_6/15/2010_1	30.00	34.00	30.00	48.00	5.00	3.0e-03	0.00	0.02	0.96	9.0e-03	9.0e-03	0.22	0.95	1.00	0.00	0.00	0.00	1.00	23.80	0.95	0.00	16442281148.00	300.00	600.00
SMC01096	6/7/2010 0:00:00	SMC01096_6/7/2010_1	38.00	36.00	45.00	50.00	28.00	0.29	0.00	0.36	0.79	0.38	0.44	0.40	0.58	1.00	0.00	0.00	0.00	0.09	10.67	0.00	0.00	12903688281.00	300.00	600.00
SMC01151	6/17/2009 0:00:00	SMC01151_6/17/2009_1	65.00	69.00	64.00	92.00	22.00	0.78	0.07	0.92	0.98	0.87	0.94	0.04	0.08	0.94	0.04	0.05	0.07	0.95	85.29	18.26	2.15	121000000000.00	300.00	600.00
SMC01155	5/12/2009 0:00:00	SMC01155_5/12/2009_1	70.00	54.00	66.00	64.00	77.00	0.52	0.15	0.56	0.74	0.59	0.61	0.18	0.40	0.63	0.18	0.16	0.26	0.00	47.57	2.85	0.00	8673211403.00	300.00	600.00
SMC01158	6/3/2009 0:00:00	SMC01158_6/3/2009_1					12.00		0.00							0.53	0.00	0.00	0.00	0.94	28.57	22.85	0.00	95248695188.00	300.00	
SMC01161	5/27/2010 0:00:00	SMC01161_5/27/2010_1	42.00	41.00	41.00	56.00	18.00	0.01	0.40	0.01	0.99	0.01	0.03	0.01	0.98	0.99	1.0e-03	0.20	0.00	1.00	47.11	13.33	0.00	32290670449.00	300.00	600.00
SMC01174	7/20/2011 0:00:00	SMC01174_7/20/2011_1	50.00	49.00	50.00	48.00	48.00	0.01	0.00	0.13	0.75	0.21	0.20	0.12	0.85	0.00	0.00	0.00	0.00	0.00	0.00	30.47	50.00	6269.19	4.00	600.00
SMC01201	6/2/2010 0:00:00	SMC01201_6/2/2010_1	51.00	59.00	51.00	70.00	22.00	3.0e-03	0.12	6.0e-03	0.97	8.0e-03	8.0e-03	0.04	0.99	0.55	0.01	0.06	0.00	1.00	20.95	5.71	0.00	37717256248.00	300.00	600.00
SMC01208	6/8/2010 0:00:00	SMC01208_6/8/2010_1	40.00	43.00	44.00	60.00	13.00	0.45	0.07	0.58	0.79	0.54	0.59	0.29	0.39	1.00	0.00	0.03	0.00	0.98	74.28	0.00	0.00	6962318553.00	300.00	600.00
SMC01215	7/13/2011 0:00:00	SMC01215_7/13/2011_1	48.00	37.00	49.00	52.00	42.00	0.19	0.13	0.27	0.89	0.28	0.37	0.22	0.68	1.00	0.00	0.06	0.09	0.60	59.40	0.98	0.00	186000000000.00	336.00	600.00
SMC01257	6/16/2011 0:00:00	SMC01257_6/16/2011_1	25.00	19.00	22.00	26.00	22.00	0.01	0.05	0.03	0.90	0.04	0.04	0.43	0.84	1.00	0.00	0.02	0.05	1.00	44.32	2.02	0.00	72154439671.00	326.00	600.00
SMC01258	5/27/2009 0:00:00	SMC01258_5/27/2009_1	10.00	26.00	22.00	16.00	17.00	4.0e-03	0.00	0.03	0.45	0.04	0.05	0.11	0.93	0.00	0.00	0.00	0.00	0.00	0.00	73.46	0.00	10430622.47	300.00	525.00
SMC01278	6/17/2009 0:00:00	SMC01278_6/17/2009_1	38.00	39.00	48.00	54.00	35.00	0.03	0.00	0.63	0.74	0.25	0.59	0.29	0.31	0.99	0.00	0.00	0.00	0.39	49.52	0.00	0.00	21381443013.00	300.00	600.00
SMC01341	6/22/2009 0:00:00	SMC01341_6/22/2009_1																			17.14	32.38	0.00			
SMC01358	7/12/2011 0:00:00	SMC01358_7/12/2011_1	36.00	31.00	44.00	34.00	57.00	2.0e-03	0.11	0.10	0.87	0.01	0.11	0.63	0.72	0.59	0.04	0.08	0.11	0.00	61.90	0.00	0.00	719981850.70	691.00	600.00
SMC01383	6/1/2010 0:00:00	SMC01383_6/1/2010_1	44.00	50.00	56.00	52.00	48.00	0.00	0.10	0.01	0.94	2.0e-03	2.0e-03	0.02	0.97	0.14	0.06	0.08	0.00	0.00	0.95	0.00	14.28	39146959.42	300.00	600.00
SMC01452	7/15/2010 0:00:00	SMC01452_7/15/2010_1				12.00	13.00	0.02	0.00	0.15	0.57	0.03	0.03	0.56	0.79	0.97	0.00	0.00	0.00	0.98	29.62	0.95	0.00	6881257389.00	308.00	600.00
SMC01512	6/23/2010 0:00:00	SMC01512_6/23/2010_1	44.00	31.00	50.00	40.00	57.00	0.09	0.13	0.31	0.91	0.41	0.40	0.43	0.68	0.96	7.0e-03	0.07	0.03	0.00	89.52	0.95	0.00	3470273945.00	300.00	600.00
SMC01555	6/23/2011 0:00:00	SMC01555_6/23/2011_1	4.00	1.00	5.00	2.00	8.00	0.00	0.00	0.06	0.66	0.00	0.00	0.62	0.83	1.00	0.00	0.00	0.00	0.90	48.57	0.00	0.00	103000000000.00	301.00	600.00
SMC01606	5/26/2009 0:00:00	SMC01606_5/26/2009_1	1.00	3.00	2.00	2.00	2.00	0.00	0.00	0.05	0.66	8.0e-03	6.0e-03	0.56	0.91	0.92	0.00	0.00	0.00	0.94	41.74	66.66	0.00	183000000000.00	4.00	698.00
SMC01655	7/7/2011 0:00:00	SMC01655_7/7/2011_1	96.00	99.00	95.00	98.00	87.00	0.57	0.25	0.83	0.99	0.85	0.87	7.0e-03	0.13	0.00	0.94	0.59	0.50	0.00	0.00	0.00	0.00	262133.05	5.00	600.00
SMC01684	6/3/2009 0:00:00	SMC01684_6/3/2009_1	12.00	21.00	21.00	14.00	25.00	0.00	0.00	0.00	0.90	2.0e-03	2.0e-03	0.88	0.95	0.16	0.00	0.00	0.07	0.00	0.00	0.95	11.42	8754503.57	300.00	600.00
SMC01692	6/20/2011 0:00:00	SMC01692_6/20/2011_1	55.00	47.00	45.00	62.00	27.00	0.02	0.16	0.03	0.98	0.04	0.07	0.01	0.95	0.99	0.01	0.08	0.20	0.98	22.22	0.00	0.00	8676717539.00	300.00	600.00
SMC01694	6/28/2010 0:00:00	SMC01694_6/28/2010_1				46.00	50.00	0.19	0.11	0.45	0.87	0.45	0.45	0.37	0.53	0.98	0.00	0.05	0.04	0.00	31.42	19.04	0.00	2959749750.00	333.00	600.00
SMC01716	6/8/2010 0:00:00	SMC01716_6/8/2010_1	26.00	26.00	40.00	32.00	38.00	8.0e-03	0.05	0.02	0.86	0.02	0.01	0.25	0.92	0.90	5.0e-03	0.03	0.00	0.00	45.71	0.00	0.00	161588393.50	300.00	600.00
SMC01717	6/3/2009 0:00:00	SMC01717_6/3/2009_1	51.00	63.00	52.00	64.00	30.00	1.0e-03	0.28	0.07	0.92	0.04	0.09	0.12	0.85	0.40	0.59	0.44	0.14	1.00	5.94	59.04	12.50	5613893432.00	300.00	1200.00
SMC01726	6/30/2010 0:00:00	SMC01726_6/30/2010_1				76.00	55.00	0.68	0.18	0.76	0.89	0.79	0.79	0.11	0.19	0.33	0.64	0.41	0.00	0.00	2.85	0.00	0.00	354404549.90	333.00	600.00
SMC01748	6/3/2009 0:00:00	SMC01748_6/3/2009_1	46.00	56.00	52.00	58.00	33.00	0.04	0.16	0.17	0.92	0.05	0.05	0.15	0.82	0.00	0.00	0.08	0.16	0.00	5.05	12.74	2.94	4797646.43	300.00	600.00
SMC01814	6/15/2010 0:00:00	SMC01814_6/15/2010_1	24.00	26.00	24.00	36.00	3.00	3.0e-03	0.00	0.20	0.92	5.0e-03	5.0e-03	0.21	0.48	1.00	0.00	0.00	0.00	1.00	24.76	31.42	15.30	38709739945.00	300.00	600.00
SMC01860	5/28/2009 0:00:00	SMC01860_5/28/2009_1	28.00	43.00	38.00	40.00	22.00	0.00	0.00	0.25	0.82	0.03	0.01	0.17	0.75	0.00	0.00	0.00	0.00	0.00	19.04	8.57	0.95	13766322.13	300.00	600.00
SMC01909	6/9/2009 0:00:00	SMC01909_6/9/2009_1	32.00	19.00	16.00	16.00	40.00	6.0e-03	0.00	7.0e-03	0.67	0.02	0.02	0.31	0.95	0.54	0.00	0.00	0.25	0.99	3.80	29.52	2.85	2894971019.00	300.00	347.00
SMC01923	7/12/2011 0:00:00	SMC01923_7/12/2011_1	18.00	19.00	22.00	24.00	17.00	0.00	0.00	0.08	0.72	4.0e-03	0.02	0.55	0.89	0.96	0.00	0.00	0.00	0.72	29.52	0.00	0.00	530244894.70	355.00	600.00
SMC01960	6/23/2010 0:00:00	SMC01960_6/23/2010_1	36.00	33.00	46.00	46.00	35.00	0.23	0.00	0.40	0.96	0.30	0.36	0.57	0.59	0.99	0.00	0.00	0.04	0.01	43.56	24.76	0.00	2030000000000.00	300.00	600.00
SMC01962	6/8/2010 0:00:00	SMC01962_6/8/2010_1	26.00	17.00	32.00	22.00	43.00	0.03	0.00	0.19	0.76	0.05	0.06	0.39	0.61	0.98	0.00	0.00	0.00	0.06	0.95	84.76	0.96	2298647575.00	300.00	600.00
SMC01972	6/7/2010 0:00:00	SMC01972_6/7/2010_1	26.00	24.00	26.00	30.00	25.00	0.01	0.10	0.03	0.89	0.02	0.01	0.29	0.88	0.99	7.0e-03	0.05	0.00	0.98	37.14	0.00	0.00	3528121508.00	300.00	600.00
SMC01979	7/14/2011 0:00:00	SMC01979_7/14/2011_1	70.00	61.00	61.00	82.00	38.00	0.30	0.20	0.33	0.98	0.34	0.36	0.02	0.59	0.99	1.0e-03	0.10	0.11	1.00	2.29	0.00	0.00	1135727283.00	301.00	600.00
SMC01990	6/3/2009 0:00:00	SMC01990_6/3/2009_1	39.00	47.00	39.00	62.00	2.00	0.00	0.00	0.00	0.99	0.07	0.08	0.21	0.92	0.88	0.00	0.00	0.00	1.00	85.43	18.09	0.00	107000000000.00	300.00	600.00
SMC02006	5/26/2009 0:00:00	SMC02006_5/26/2009_1	66.00	96.00	88.00	96.00	47.00	0.32	0.10	0.98	0.99	0.96	0.98	0.01	0.01	0.01	0.97	0.54	0.03	0.00	7.61	0.00	52.38	291979525.90	300.00	600.00
SMC02059	6/3/2010 0:00:00	SMC02059_6/3/2010_1	11.00	16.00	26.00	6.00	37.00	0.00	0.04	0.06	0.11	0.05	0.05	0.96	0.98	0.66	0.34	0.19	0.00	0.00	0.00	0.00	52.38	3054175733.00	300.00	600.00
SMC02123	7/5/2011 0:00:00	SMC02123_7/5/2011_1	45.00	46.00	45.00	64.00	18.00	0.14	0.00	0.27	0.82	0.33	0.36	0.19	0.67	1.00	0.00	0.00	0.05	0.98	50.49	0.00	0.00	27422698506.00	301.00	600.00
SMC02127	6/4/2009 0:00:00	SMC02127_6/4/2009_1	68.00	66.00	64.00	90.00	20.00	0.20	0.00	0.30	0.96	0.74	0.78	0.04	0.21	0.99	0.00	0.00	0.07	0.98	20.95	40.95	8.57	2903018133.00	300.00	600.00
SMC02145	7/19/2011 0:00:00	SMC02145_7/19/2011_1	49.00	49.00	48.00	68.00	8.00	3.0e-03	0.00	0.02	0.96	0.01	0.01	0.06	0.96	1.00	0.00	0.00	0.00	1.00	14.56	8.65	0.00	43290400566.00	300.00	600.00
SMC02167	6/7/2010 0:00:00	SMC02167_6/7/2010_1	66.00	74.00	72.00	86.00	43.00	3.0e-03	0.00	0.40	1.00	0.39	0.41	0.02	0.58	0.08	0.00	0.00	0.00	0.00	1.90	2.85	0.00	184326.43	300.00	600.00
SMC02206	7/19/2011 0:00:00	SMC02206_7/19/2011_1	29.00	23.00	24.00	30.00	23.00	0.00	0.00	0.49	0.88	0.00	0.00	0.32	0.73	0.98	0.00	0.00	0.07	1.00	3.22	6.06	0.00	457000000000.00	303.00	600.00
SMC02228	6/23/2009 0:00:00	SMC02228_6/23/2009_1	11.00	9.00	9.00	4.00	20.00	3.0e-03	0.04	0.13	0.33	4.0e-03	4.0e-03	0.75	0.86	0.74	0.03	0.03	0.05	1.00	38.09	0.00	3.80	14449642590.00	300.00	600.00
SMC02270	6/30/2010 0:00:00	SMC02270_6/30/2010_1	40.00	47.00	45.00	66.00	17.00	0.06	0.00	0.48	0.81	0.25	0.50	0.03	0.53	1.00	0.00	0.00	0.00	1.00	60.00	0.00	0.00	137000000000.00	300.00	600.00
SMC02417	7/20/2011 0:00:00	SMC02417_7/20/2011_1	56.00	56.00	60.00	74.00	30.00	0.39	0.02	0.62	0.90	0.78	0.77	0.08	0.22	0.98	0.01	0.01	0.00	0.63	38.09	1.90	29.52	128000000000.00	355.00	600.00
SMC02436	5/28/2009 0:00:00	SMC02436_5/28/2009_1	39.00	37.00	32.00	50.00	12.00	0.00	0.00	0.11	0.97	0.00	0.00	0.14	0.90	0.99	0.00	0.00	0.00	0.99	43.80	7.61	0.00	70124299483.00	300.00	600.00
SMC02452	6/30/2011 0:00:00	SMC02452_6/30/2011_1	36.00	30.00	35.00	42.00	25.00	0.00	0.00	0.44	0.79	0.02	0.02	0.22	0.66	1.00	0.00	0.00	0.04	0.99	15.78	23.23	0.00	40753515513.00	353.00	600.00
SMC02457	5/31/2010 0:00:00	SMC02457_5/31/2010_1	34.00	50.00	46.00	50.00	23.00	0.00	0.00	0.02	0.79	0.03	0.02	0.09	0.86	0.00	0.00	0.00	0.00	0.00	0.00	57.14	0.00	12466360.96	300.00	600.00
SMC02536	6/29/2011 0:00:00	SMC02536_6/29/2011_1	25.00	13.00	21.00	18.00	32.00	0.16	0.09	0.39	0.56	0.36	0.34	0.43	0.60	0.99	0.00	0.04	0.04	0.99	52.38	0.00	0.00	199000000000.00	300.00	600.00
SMC02563	6/24/2010 0:00:00	SMC02563_6/24/2010_1	5.00	0.00	6.00	0.00	13.00	0.00	0.06	0.03	0.46	3.0e-03	0.00	0.70	0.86	1.00	0.00	0.03	0.00	1.00	38.09	19.04	0.00	38721225294.00	300.00	600.00
SMC02573	6/9/2010 0:00:00	SMC02573_6/9/2010_1	35.00	19.00	40.00	24.00	53.00	0.01	0.18	0.12	0.44	0.14	0.15	0.56	0.78	0.98	0.00	0.09	0.10	0.00	6.66	9.52	0.00	1748954.75	11.00	600.00
SMC02622	6/15/2010 0:00:00	SMC02622_6/15/2010_1				8.00	23.00	0.01	0.03	0.21	0.36	0.02	0.01	0.72	0.76	0.99	0.00	0.01	0.00	0.99	60.95	1.90	0.00	6908401716.00	300.00	600.00
SMC02644	6/30/2011 0:00:00	SMC02644_6/30/2011_1	29.00	29.00	35.00	2.00	77.00	3.0e-03	0.22	0.03	0.36	0.06	0.06	0.63	0.91	0.04	0.95	0.58	0.12	0.00	42.85	3.12	0.00	2594604916.00	301.00	600.00
SMC02656	6/23/2009 0:00:00	SMC02656_6/23/2009_1	50.00	60.00	58.00	82.00	17.00	0.11	0.00	0.74	0.87	0.46	0.79	0.14	0.21	0.99	0.00	0.00	0.00	0.84	3.80	0.00	32.69	2905151152.00	300.00	600.00
SMC02749	6/23/2011 0:00:00	SMC02749_6/23/2011_1	44.00	61.00	58.00	66.00	35.00	0.00	0.06	0.10	0.98	0.00	0.00	0.01	0.99	0.03	9.0e-03	0.03	0.00	0.00	15.53	42.30	0.00	112084180.00	303.00	600.00
SMC02804	6/20/2011 0:00:00	SMC02804_6/20/2011_1	16.00	14.00	19.00	18.00	22.00	0.02	0.00	0.36	0.67	0.12	0.18	0.48	0.64	0.96	0.00	0.00	0.00	0.79	58.65	0.00	0.00	786045720.50	302.00	600.00
SMC02884	6/23/2010 0:00:00	SMC02884_6/23/2010_1	32.00	46.00	46.00	50.00	27.00	7.0e-03	0.00	0.15	0.85	0.25	0.30	0.24	0.81	0.31	0.00	0.00	0.00	0.00	34.28	1.90	0.00	2816462.86	300.00	600.00
SMC02902	8/2/2011 0:00:00	SMC02902_8/2/2011_1	21.00	37.00	42.00	14.00	57.00	0.01	0.12	0.10	0.72	0.03	0.03	0.45	0.87	7.0e-03	0.98	0.55	0.00	0.00	0.00	9.52	37.50	499534655.70	300.00	600.00
SMC02933	6/15/2010 0:00:00	SMC02933_6/15/2010_1	45.00	44.00	42.00	54.00	32.00	0.00	0.11	0.02	0.80	0.10	0.12	0.09	0.86	0.72	0.04	0.07	0.12	0.77	4.76	21.90	8.91	331757773.70	300.00	600.00
SMC02947	7/12/2011 0:00:00	SMC02947_7/12/2011_1	26.00	30.00	29.00	42.00	7.00	0.01	0.00	0.43	0.97	0.01	0.20	0.55	0.56	1.00	0.00	0.00	0.00	1.00	36.89	18.26	0.00	101000000000.00	304.00	600.00
SMC02984	6/23/2010 0:00:00	SMC02984_6/23/2010_1	34.00	31.00	34.00	42.00	22.00	0.14	0.00	0.21	0.97	0.16	0.21	0.76	0.78	0.92	0.00	0.00	0.00	0.90	40.95	21.90	0.00	37525935556.00	300.00	600.00
SMC03110	7/26/2011 0:00:00	SMC03110_7/26/2011_1	38.00	43.00	44.00	40.00	43.00	0.00	0.21	0.14	0.86	6.0e-03	0.01	0.13	0.84	0.04	0.07	0.14	0.00	0.32	20.00	36.19	32.67	45162532716.00	317.00	600.00
SMC03133	6/2/2010 0:00:00	SMC03133_6/2/2010_1	21.00	21.00	21.00	28.00	13.00	0.00	0.00	0.01	0.79	0.01	7.0e-03	0.70	0.98	0.98	0.00	0.00	0.00	0.99	43.80	0.00	33.33	71802098037.00	300.00	600.00
SMC03268	5/28/2009 0:00:00	SMC03268_5/28/2009_1	22.00	17.00	21.00	24.00	20.00	0.00	0.05	0.16	0.94	0.00	0.00	0.44	0.81	1.00	0.00	0.02	0.05	1.00	24.76	34.28	0.00	72156905377.00	300.00	600.00
SMC03304	6/29/2011 0:00:00	SMC03304_6/29/2011_1	32.00	27.00	31.00	26.00	42.00	3.0e-03	0.28	0.17	0.91	0.05	0.06	0.56	0.88	0.73	0.23	0.25	0.12	0.86	60.00	0.00	0.00	234000000000.00	534.00	600.00
SMC03510	7/21/2011 0:00:00	SMC03510_7/21/2011_1	9.00	10.00	14.00	6.00	23.00	0.00	0.28	0.00	0.70	0.00	0.00	0.45	0.70	0.86	0.13	0.20	0.00	0.84	44.76	36.19	0.00	89469526420.00	311.00	600.00
SMC03533	6/1/2010 0:00:00	SMC03533_6/1/2010_1	28.00	26.00	29.00	36.00	13.00	0.00	0.12	0.16	0.72	0.06	0.06	0.16	0.54	0.99	0.00	0.06	0.00	1.00	10.47	16.19	9.52	149875986.00	300.00	343.00
SMC03687	6/2/2010 0:00:00	SMC03687_6/2/2010_1	40.00	51.00	51.00	54.00	35.00	0.00	0.00	0.00	0.96	3.0e-03	3.0e-03	0.02	1.00	0.08	0.00	0.00	0.00	0.07	0.00	0.00	1.90	341148715.00	300.00	600.00
SMC03971	7/11/2011 0:00:00	SMC03971_7/11/2011_1	40.00	34.00	38.00	44.00	27.00	0.00	0.00	0.44	0.84	0.02	0.05	0.25	0.28	0.85	0.00	0.00	0.04	0.97	44.76	0.95	0.00	75008405635.00	303.00	600.00
SMC03988	6/29/2011 0:00:00	SMC03988_6/29/2011_1	25.00	23.00	21.00	32.00	12.00	0.04	0.00	0.21	0.67	0.08	0.12	0.32	0.78	1.00	0.00	0.00	0.08	1.00	48.54	4.85	0.00	50286773754.00	301.00	600.00
SMC04047	5/14/2009 0:00:00	SMC04047_5/14/2009_1	84.00	91.00	89.00	88.00	87.00	0.30	0.36	0.90	1.00	0.92	0.94	0.05	0.07	0.00	1.00	0.68	0.27	0.00	88.00	2.85	0.00	12797992057.00	300.00	600.00
SMC04054	6/3/2009 0:00:00	SMC04054_6/3/2009_1	24.00	43.00	39.00	42.00	17.00	0.01	0.00	0.25	0.78	0.02	0.19	0.26	0.69	2.0e-03	0.00	0.00	0.00	0.00	1.90	0.00	0.00	6101370.01	7.00	600.00
SMC04134	7/26/2011 0:00:00	SMC04134_7/26/2011_1	25.00	34.00	41.00	12.00	72.00	7.0e-03	0.61	0.03	0.63	0.02	0.02	0.28	0.81	0.10	0.90	0.75	0.00	0.00	11.65	15.38	51.48	34296115660.00	306.00	600.00
SMC04175	6/11/2009 0:00:00	SMC04175_6/11/2009_1	58.00	70.00	69.00	66.00	62.00	0.07	0.09	0.12	0.94	0.25	0.42	0.08	0.74	0.21	0.74	0.41	0.10	0.00	36.19	58.09	1.01	2905920619.00	300.00	600.00
SMC04239	6/11/2009 0:00:00	SMC04239_6/11/2009_1	76.00	70.00	70.00	96.00	30.00	0.51	0.05	0.72	0.99	0.72	0.78	4.0e-03	0.26	0.99	1.0e-03	0.02	0.11	0.99	73.00	21.90	0.00	75092095920.00	300.00	600.00
SMC04308	6/17/2009 0:00:00	SMC04308_6/17/2009_1	38.00	43.00	38.00	58.00	7.00	0.08	0.00	0.42	0.84	0.16	0.31	0.20	0.57	0.89	0.00	0.00	0.00	0.95	39.21	12.38	45.45	62193924153.00	300.00	600.00
SMC04399	6/11/2009 0:00:00	SMC04399_6/11/2009_1	51.00	41.00	45.00	38.00	67.00	5.0e-03	0.00	0.31	0.84	0.01	0.01	0.36	0.62	0.00	0.00	0.00	0.14	0.00	2.85	46.66	0.95	85121705.80	300.00	600.00
SMC04426	7/25/2011 0:00:00	SMC04426_7/25/2011_1	75.00	77.00	78.00	70.00	83.00	0.24	0.60	0.33	0.97	0.37	0.35	0.11	0.61	0.06	0.93	0.76	0.28	0.08	10.30	38.61	2.02	133000000000.00	309.00	600.00
SMC04661	7/18/2011 0:00:00	SMC04661_7/18/2011_1	56.00	53.00	54.00	74.00	17.00	0.11	0.05	0.63	0.97	0.46	0.31	0.06	0.35	1.00	0.00	0.02	0.00	1.00	48.35	15.78	2.10	21940661168.00	301.00	600.00
SMC04749	6/23/2009 0:00:00	SMC04749_6/23/2009_1	15.00	6.00	11.00	8.00	18.00	2.0e-03	0.00	0.06	0.56	2.0e-03	2.0e-03	0.69	0.76	0.99	0.00	0.00	0.00	0.97	43.80	20.95	0.00	110000000000.00	300.00	600.00
SMC04756	7/7/2010 0:00:00	SMC04756_7/7/2010_1	18.00	26.00	19.00	28.00	3.00	8.0e-03	0.00	0.13	0.90	0.04	0.05	0.70	0.86	0.66	0.00	0.00	0.00	0.96	2.85	9.52	0.00	8660983553.00	300.00	600.00
SMC04932	7/12/2010 0:00:00	SMC04932_7/12/2010_1	22.00	21.00	29.00	20.00	38.00	0.00	0.00	0.24	0.70	0.17	0.19	0.62	0.79	0.51	0.00	0.00	0.00	0.00	16.34	15.23	0.00	37784396.89	300.00	600.00
SMC05109	6/23/2009 0:00:00	SMC05109_6/23/2009_1	38.00	34.00	35.00	44.00	25.00	0.00	0.04	0.06	0.79	8.0e-03	7.0e-03	0.20	0.87	0.92	0.07	0.05	0.09	0.93	63.80	57.14	0.00	14455479462.00	300.00	600.00
SMC05165	6/22/2011 0:00:00	SMC05165_6/22/2011_1	50.00	34.00	52.00	44.00	58.00	0.00	0.22	0.04	0.78	0.27	0.30	0.21	0.67	0.97	8.0e-03	0.11	0.00	0.00				1446737334.00	304.00	600.00
SMC05199	7/6/2011 0:00:00	SMC05199_7/6/2011_1	58.00	59.00	58.00	78.00	22.00	0.28	0.08	0.33	0.98	0.38	0.47	0.02	0.62	0.99	4.0e-03	0.04	0.00	0.99	48.03	0.97	0.00	87685612969.00	300.00	600.00
SMC05243	6/10/2010 0:00:00	SMC05243_6/10/2010_1				40.00		0.07		0.12	0.75	0.17	0.20	0.25	0.78						11.70	9.09	0.00			600.00
SMC05423	6/10/2010 0:00:00	SMC05423_6/10/2010_1					17.00		0.00							0.00	0.00	0.00	0.00	0.00				767685.14	300.00	
SMC05524	6/30/2011 0:00:00	SMC05524_6/30/2011_1	15.00	11.00	16.00	16.00	17.00	8.0e-03	0.00	0.10	0.74	0.06	0.06	0.58	0.85	1.00	0.00	0.00	0.00	0.99	32.38	18.09	0.00	156000000000.00	313.00	600.00
SMC05702	6/7/2010 0:00:00	SMC05702_6/7/2010_1	16.00	14.00	18.00	18.00	8.00	0.00	0.07	0.02	0.98	0.02	4.0e-03	0.81	0.95	0.90	0.00	0.03	0.00	0.90	8.13	0.00	67.36	529268623.40	300.00	600.00
SMC05759	6/21/2010 0:00:00	SMC05759_6/21/2010_1	38.00	43.00	40.00	58.00	15.00	0.17	0.16	0.23	0.95	0.24	0.36	0.11	0.75	0.97	0.00	0.08	0.09	0.96	64.76	15.23	0.00	54834252320.00	300.00	600.00
SMC06019	6/17/2010 0:00:00	SMC06019_6/17/2010_1	19.00	17.00	20.00	22.00	20.00	7.0e-03	0.00	0.10	0.82	0.07	0.07	0.63	0.80	0.98	0.00	0.00	0.00	0.97	45.63	0.00	0.00	35329034682.00	300.00	600.00
SMC06216	5/26/2009 0:00:00	SMC06216_5/26/2009_1	79.00	71.00	72.00	92.00	47.00	0.67	0.19	0.74	0.99	0.70	0.84	0.04	0.24	0.83	0.15	0.17	0.16	0.84	50.00	0.00	0.00	58109377861.00	300.00	600.00
SMC06458	6/6/2010 0:00:00	SMC06458_6/6/2010_1	31.00	34.00	34.00	48.00	10.00	0.14	0.08	0.44	0.99	0.15	0.18	0.15	0.32	1.00	0.00	0.04	0.00	1.00	86.66	92.38	0.95	37132038068.00	300.00	600.00
SMC06467	6/28/2010 0:00:00	SMC06467_6/28/2010_1	30.00	33.00	30.00	26.00	40.00	0.01	0.00	0.04	0.39	0.10	0.11	0.21	0.94	0.00	0.00	0.00	0.00	0.00	35.23	3.80	0.00	144300601.40	3.00	600.00
SMC06653	7/1/2010 0:00:00	SMC06653_7/1/2010_1	34.00	30.00	34.00	42.00	18.00	0.02	0.05	0.17	0.70	0.44	0.45	0.42	0.71	1.00	0.00	0.02	0.05	0.99	20.00	13.33	2.88	5784423554.00	300.00	600.00
SMC06714	6/6/2010 0:00:00	SMC06714_6/6/2010_1	56.00	51.00	45.00	72.00	17.00	0.39	0.00	0.64	1.00	0.59	0.65	0.18	0.30	1.00	0.00	0.00	0.00	1.00	85.71	23.80	0.95	173000000000.00	300.00	600.00
SMC07085	6/21/2011 0:00:00	SMC07085_6/21/2011_1	55.00	61.00	59.00	82.00	20.00	0.53	0.12	0.81	0.92	0.74	0.81	0.11	0.16	0.90	0.06	0.09	0.00	0.99				15721787810.00	319.00	600.00
SMC08150	6/3/2010 0:00:00	SMC08150_6/3/2010_1	22.00	27.00	25.00	36.00	3.00	0.03	0.00	0.09	0.90	0.05	0.10	0.37	0.82	0.99	0.00	0.00	0.00	0.98	54.28	1.90	0.00	45325637664.00	300.00	600.00
SMC08157	6/22/2011 0:00:00	SMC08157_6/22/2011_1	69.00	61.00	70.00	70.00	68.00	0.08	0.19	0.38	0.98	0.41	0.39	0.12	0.38	0.25	3.0e-03	0.09	0.06	0.00				34382672556.00	308.00	600.00
SMC08335	7/7/2010 0:00:00	SMC08335_7/7/2010_1	72.00	70.00	69.00	90.00	35.00	0.60	0.20	0.74	0.98	0.76	0.79	0.03	0.21	0.84	0.15	0.17	0.13	0.84	27.71	6.45	0.00	9297625628.00	300.00	600.00
SMC08426	6/8/2010 0:00:00	SMC08426_6/8/2010_1	26.00	29.00	26.00	38.00	10.00	2.0e-03	0.00	0.06	0.87	0.02	0.01	0.26	0.62	0.99	0.00	0.00	0.00	1.00	20.00	30.47	14.56	18497405054.00	300.00	600.00
SMC08766	5/26/2009 0:00:00	SMC08766_5/26/2009_1																								
SMC08845	6/22/2009 0:00:00	SMC08845_6/22/2009_1	10.00	11.00	16.00	14.00	15.00	0.00	0.00	0.00	0.50	0.00	0.00	0.79	0.94	0.97	0.00	0.00	0.00	0.46	28.84	25.00	0.00	5897774740.00	300.00	600.00
SMC09162	8/1/2011 0:00:00	SMC09162_8/1/2011_1	41.00	47.00	40.00	46.00	28.00	0.00	0.10	0.03	0.77	0.07	0.06	0.20	0.79	0.09	0.06	0.08	0.00	0.58	18.09	35.23	22.54	31746503393.00	307.00	600.00
SMC09286	6/15/2010 0:00:00	SMC09286_6/15/2010_1	42.00	47.00	42.00	60.00	15.00	3.0e-03	0.00	6.0e-03	0.99	0.02	0.02	0.14	0.90	0.72	0.00	0.00	0.00	0.97	12.38	50.47	2.19	17509971616.00	300.00	600.00
SMC09534	6/17/2009 0:00:00	SMC09534_6/17/2009_1																			97.14	0.00	60.00			
SMC09591	6/3/2010 0:00:00	SMC09591_6/3/2010_1	15.00	19.00	28.00	20.00	20.00	0.04	0.00	0.09	0.93	0.14	0.14	0.72	0.90	0.76	0.00	0.00	0.00	0.00	6.66	2.85	2.85	2803079.46	300.00	600.00
SMC10189	6/24/2010 0:00:00	SMC10189_6/24/2010_1	26.00	44.00	39.00	42.00	17.00	0.07	0.00	0.19	0.72	0.16	0.16	0.40	0.75	0.00	0.00	0.00	0.00	0.00	0.95	27.61	0.00	1209.26	3.00	600.00
SMC10685	7/1/2010 0:00:00	SMC10685_7/1/2010_1	38.00	43.00	51.00	56.00	22.00	0.02	0.14	0.13	0.72	0.40	0.41	0.29	0.50	0.99	1.0e-03	0.07	0.00	0.04	2.97	20.95	0.96	465887029.60	300.00	600.00
SMC11181	6/21/2011 0:00:00	SMC11181_6/21/2011_1	48.00	50.00	61.00	66.00	42.00	0.41	0.10	0.71	0.90	0.71	0.71	0.10	0.27	0.98	0.01	0.05	0.00	0.00				2453898587.00	387.00	600.00
SMC11581	6/29/2009 0:00:00	SMC11581_6/29/2009_1	14.00	16.00	14.00	22.00	5.00	0.00	0.00	0.17	0.54	0.00	0.00	0.72	0.82	1.00	0.00	0.00	0.00	1.00	46.66	0.00	6.66	224000000000.00	300.00	600.00
SMC12862	6/27/2011 0:00:00	SMC12862_6/27/2011_1	38.00	37.00	39.00	50.00	23.00	8.0e-03	0.00	0.20	1.00	0.07	0.03	0.31	0.77	0.99	0.00	0.00	0.00	0.98	70.47	0.00	0.00	6928734124.00	301.00	600.00
SMC15677	6/29/2009 0:00:00	SMC15677_6/29/2009_1	9.00	10.00	10.00	14.00	7.00	2.0e-03	0.00	0.06	0.51	4.0e-03	4.0e-03	0.86	0.92	1.00	0.00	0.00	0.00	0.92	54.28	0.00	30.47	139000000000.00	300.00	600.00
SMC16266	8/1/2011 0:00:00	SMC16266_8/1/2011_1	51.00	66.00	66.00	60.00	60.00	0.27	0.07	0.38	0.85	0.50	0.52	0.11	0.30	0.00	0.58	0.33	0.00	0.00	0.00	3.03	42.26	1120506619.00	305.00	600.00
SMC16832	6/18/2010 0:00:00	SMC16832_6/18/2010_1				56.00	30.00	0.00	0.00	0.51	0.99	0.01	0.02	0.07	0.37	0.99	0.00	0.00	0.00	0.27	100.00	0.00	0.00	6959434865.00	330.00	600.00
SMC16980	7/6/2011 0:00:00	SMC16980_7/6/2011_1	52.00	53.00	54.00	74.00	18.00	0.04	0.07	0.04	0.98	0.05	0.05	0.01	0.90	1.00	0.00	0.03	0.00	1.00	47.52	5.88	0.00	36559020405.00	301.00	600.00
SMC18169	6/20/2011 0:00:00	SMC18169_6/20/2011_1	31.00	27.00	28.00	38.00	15.00	0.15	0.00	0.25	0.79	0.18	0.24	0.23	0.70	1.00	0.00	0.00	0.05	1.00				124000000000.00	306.00	600.00
SMC20032	6/18/2010 0:00:00	SMC20032_6/18/2010_1				54.00	28.00	0.00	0.11	0.55	0.97	0.00	0.00	0.16	0.44	0.92	0.07	0.09	0.00	0.49	98.09	0.00	0.00	8073151016.00	300.00	600.00
SMC21371	6/20/2011 0:00:00	SMC21371_6/20/2011_1	20.00	21.00	22.00	30.00	12.00	0.13	0.00	0.16	0.69	0.16	0.17	0.39	0.80	1.00	0.00	0.00	0.00	0.99				17428820681.00	301.00	600.00
SMC21822	6/21/2010 0:00:00	SMC21822_6/21/2010_1	18.00	14.00	18.00	16.00	20.00	0.01	0.05	0.02	0.72	0.02	0.02	0.31	0.94	0.99	1.0e-03	0.03	0.00	1.00	47.67	4.34	0.00	12208326625.00	300.00	600.00
SMC24222	6/21/2010 0:00:00	SMC24222_6/21/2010_1	10.00	6.00	11.00	8.00	12.00	7.0e-03	0.05	8.0e-03	0.62	0.06	0.06	0.42	0.90	1.00	0.00	0.02	0.00	1.00	57.14	0.95	0.00	49064084296.00	300.00	600.00
SMC26288	5/12/2009 0:00:00	SMC26288_5/12/2009_1	64.00	66.00	60.00	76.00	42.00	0.32	0.18	0.34	0.92	0.46	0.52	0.10	0.62	0.31	0.03	0.10	0.09	0.80	43.80	0.95	0.00	101000000000.00	300.00	600.00
SMC26909	5/31/2010 0:00:00	SMC26909_5/31/2010_1	32.00	21.00	29.00	30.00	25.00	0.00	0.28	0.03	0.66	0.05	0.06	0.25	0.92	1.00	0.00	0.14	0.00	1.00	14.28	40.00	0.00	15232347907.00	300.00	600.00
SMC27709	5/31/2010 0:00:00	SMC27709_5/31/2010_1	28.00	31.00	28.00	24.00	33.00	3.0e-03	0.00	0.05	0.50	0.11	0.12	0.16	0.90	0.00	0.00	0.00	0.00	0.00	0.95	29.52	0.00	407.53	2.00	600.00
SMC32718	6/3/2010 0:00:00	SMC32718_6/3/2010_1	45.00	51.00	45.00	52.00	42.00	0.04	0.00	0.13	0.84	0.22	0.22	0.13	0.67	0.00	0.00	0.00	0.00	0.00	7.76	53.33	0.96	10968995950.00	300.00	600.00
SMC32897	6/21/2010 0:00:00	SMC32897_6/21/2010_1	15.00	17.00	16.00	24.00	8.00	0.00	0.00	8.0e-03	0.85	0.01	0.01	0.47	0.53	0.99	0.00	0.00	0.00	0.99	42.85	20.95	3.57	101000000000.00	300.00	600.00
SMC34888	6/24/2010 0:00:00	SMC34888_6/24/2010_1	75.00	67.00	66.00	88.00	38.00	0.53	0.11	0.63	0.95	0.60	0.68	0.02	0.35	0.81	0.03	0.07	0.11	0.95	32.38	8.57	0.00	17316730055.00	300.00	600.00
SMC35697	6/10/2010 0:00:00	SMC35697_6/10/2010_1	68.00	63.00	64.00	84.00	35.00	0.28	0.22	0.32	0.97	0.45	0.50	0.04	0.50	0.97	0.03	0.12	0.05	0.97	73.52	5.82	0.00	23095807774.00	300.00	600.00
SMCR8_026	5/31/2009 0:00:00	SMCR8_026_5/31/2009_1																								
SMCR8_175	6/9/2009 0:00:00	SMCR8_175_6/9/2009_1																								
SMCR8_179	6/1/2009 0:00:00	SMCR8_179_6/1/2009_1																								
SMCR8_191	6/2/2009 0:00:00	SMCR8_191_6/2/2009_1																								
SMCR8_197	6/4/2009 0:00:00	SMCR8_197_6/4/2009_1																								
SMCR8_207	6/7/2009 0:00:00	SMCR8_207_6/7/2009_1																								
SMCR8_229	6/1/2009 0:00:00	SMCR8_229_6/1/2009_1																								
SMCR8_262	6/7/2009 0:00:00	SMCR8_262_6/7/2009_1																								
SMCR8_275	6/9/2009 0:00:00	SMCR8_275_6/9/2009_1																								
SMCR8_299	6/9/2009 0:00:00	SMCR8_299_6/9/2009_1																								
SMCR8_312	6/14/2009 0:00:00	SMCR8_312_6/14/2009_1																								
SMCR8_327	6/28/2009 0:00:00	SMCR8_327_6/28/2009_1	88.00	71.00	88.00	100.00	50.00	0.69	0.00	0.98	1.00	0.98	0.98	0.00	0.01	1.00	0.00	0.00	0.00	0.00			0.00	46649.62	19.00	600.00
SMCR8_339	6/8/2009 0:00:00	SMCR8_339_6/8/2009_1																								
SMCR8_415	6/17/2009 0:00:00	SMCR8_415_6/17/2009_1																								
SMCR8_418	6/8/2009 0:00:00	SMCR8_418_6/8/2009_1																								
SMCR8_439	6/8/2011 0:00:00	SMCR8_439_6/8/2011_1																								
SMCR8_467	6/9/2011 0:00:00	SMCR8_467_6/9/2011_1																								
SMCR8_511	6/9/2011 0:00:00	SMCR8_511_6/9/2011_1																								
SMCR8_521	6/6/2011 0:00:00	SMCR8_521_6/6/2011_1																								
SMCR8_533	6/7/2011 0:00:00	SMCR8_533_6/7/2011_1																								
SMCR8_549	6/13/2011 0:00:00	SMCR8_549_6/13/2011_1																								
SMCR8_558	6/8/2011 0:00:00	SMCR8_558_6/8/2011_1																								
SMCR8_572	6/30/2009 0:00:00	SMCR8_572_6/30/2009_1	20.00	13.00	18.00	18.00	23.00	0.00	0.00	0.06	0.33	4.0e-03	0.00	0.81	0.83	1.00	0.00	0.00	0.07	0.97	59.61	75.00	17.52	45703959487.00	300.00	600.00
SMCR8_593	6/13/2011 0:00:00	SMCR8_593_6/13/2011_1																								
SMCR8_601	6/24/2009 0:00:00	SMCR8_601_6/24/2009_1	58.00	67.00	65.00	94.00	15.00	0.06	0.00	0.90	0.96	0.42	0.91	0.05	0.07	1.00	0.00	0.00	0.00	0.99	0.00	0.00	20.95	43936629970.00	300.00	600.00
SMCR8_613	6/29/2009 0:00:00	SMCR8_613_6/29/2009_1	34.00	37.00	35.00	52.00	5.00	5.0e-03	0.00	0.12	0.84	0.04	0.13	0.22	0.57	0.99	0.00	0.00	0.00	0.99	4.76	3.80	28.57	2888023507.00	300.00	600.00
SMDL1	6/26/2007 0:00:00	SMDL1_6/26/2007_1	58.00	79.00	70.00	70.00	57.00	0.01	0.33	0.05	0.94	0.04	0.05	0.03	0.92	0.00	0.93	0.63	0.00	0.00	0.00	23.80	40.81	220448.22	300.00	678.00
SMRC1	6/5/2007 0:00:00	SMRC1_6/5/2007_1	55.00	79.00	72.00	70.00	47.00	0.00	0.16	0.03	0.98	0.04	0.01	0.05	0.94	0.00	0.94	0.55	0.00	0.00	6.73	44.23	6.75	75721.25	300.00	601.00
SMRC1	10/7/2007 0:00:00	SMRC1_10/7/2007_1	62.00	80.00	74.00	72.00	63.00	2.0e-03	0.25	0.09	0.99	2.0e-03	2.0e-03	0.03	0.90	0.00	0.93	0.59	0.00	0.00	4.85	22.85	19.58	685794.42	300.00	652.00
SMRC1	6/16/2008 0:00:00	SMRC1_6/16/2008_1	50.00	43.00	41.00	58.00	30.00	0.00	0.00	0.04	0.96	0.01	0.01	0.09	0.93	0.99	0.00	0.00	0.00	1.00	58.82	27.61	0.00	159000000000.00	300.00	600.00
SMRC1	11/5/2008 0:00:00	SMRC1_11/5/2008_1	42.00	46.00	40.00	64.00	5.00	3.0e-03	0.00	0.02	0.98	0.01	0.01	0.10	0.96	1.00	0.00	0.00	0.00	1.00	9.61	56.19	10.34	304658652.40	30.00	600.00
SMRC1	7/7/2010 0:00:00	SMRC1_7/7/2010_1																						75108779413.00	300.00	
SMSM2	6/12/2007 0:00:00	SMSM2_6/12/2007_1	45.00	54.00	48.00	72.00	3.00	0.00	0.11	0.81	0.99	0.00	0.00	0.01	0.18	0.94	0.05	0.08	0.00	1.00	24.76	33.33	8.33	93222138512.00	300.00	600.00
SMST1	6/24/2007 0:00:00	SMST1_6/24/2007_1	78.00	76.00	74.00	76.00	78.00	0.24	0.12	0.33	0.94	0.34	0.37	0.05	0.67	0.00	0.49	0.31	0.25	0.00	0.00	14.28	23.28	31870063.69	300.00	622.00
SRSD2	6/17/2008 0:00:00	SRSD2_6/17/2008_1	21.00	27.00	25.00	26.00	23.00	0.01	0.33	0.04	0.86	0.03	0.06	0.38	0.96	0.60	0.20	0.26	0.00	0.75	32.03	61.90	0.00	75037611419.00	300.00	600.00
SRSV1	6/17/2008 0:00:00	SRSV1_6/17/2008_1	35.00	49.00	35.00	50.00	10.00	0.00	0.00	0.01	0.76	0.07	0.07	0.05	0.91	0.06	0.00	0.00	0.00	0.66	27.88	70.47	0.00	101000000000.00	300.00	600.00
SWHC1	6/12/2008 0:00:00	SWHC1_6/12/2008_1	44.00	49.00	41.00	56.00	15.00	0.09	0.08	0.10	0.92	0.10	0.12	0.11	0.87	0.51	0.04	0.06	0.08	0.89	43.80	31.42	0.00	375000000000.00	300.00	600.00
SWSW1	6/12/2008 0:00:00	SWSW1_6/12/2008_1	18.00	17.00	16.00	24.00	3.00	3.0e-03	0.00	0.04	0.64	0.06	0.07	0.09	0.88	1.00	0.00	0.00	0.00	1.00	3.00	44.55	0.00	11546126820.00	300.00	600.00
TCTC1	6/20/2008 0:00:00	TCTC1_6/20/2008_1	60.00	49.00	56.00	50.00	70.00	0.05	0.30	0.07	0.87	0.14	0.15	0.19	0.85	0.24	0.13	0.21	0.17	0.27	24.00	23.80	9.00	51188879185.00	300.00	600.00
VRLC1	6/18/2007 0:00:00	VRLC1_6/18/2007_1	40.00	34.00	36.00	26.00	58.00	2.0e-03	0.23	0.04	0.88	0.27	0.25	0.53	0.95	0.36	0.43	0.33	0.15	0.59	41.74	30.47	42.10	14705324541.00	300.00	600.00
VRSA1	6/18/2007 0:00:00	VRSA1_6/18/2007_1	64.00	60.00	58.00	80.00	27.00	0.16	0.15	0.22	0.93	0.43	0.45	0.04	0.50	0.96	0.04	0.09	0.15	0.95	19.80	60.95	32.30	123000000000.00	300.00	632.00
VRVR4	6/19/2007 0:00:00	VRVR4_6/19/2007_1	80.00	66.00	70.00	84.00	62.00	0.13	0.25	0.40	0.98	0.43	0.64	0.03	0.41	0.78	0.12	0.19	0.29	0.56	49.01	33.33	29.16	140000000000.00	300.00	657.00
