StationID_Master	Alg.Metrics.SampID	AlgalSampIdent	RepNum	CollDate	PollTolClass.1.tot	PollTolClass.2.tot	PollTolClass.3.tot	PollTolClass.11.tot	pHClass.2.tot	pHClass.3.tot	pHClass.4.tot	pHClass.5.tot	pHClass.6.tot	SalinityClass.1.tot	SalinityClass.2.tot	SalinityClass.3.tot	SalinityClass.4.tot	N_UptakeClass.1.tot	N_UptakeClass.2.tot	N_UptakeClass.3.tot	N_UptakeClass.4.tot	OxygenClass.1.tot	OxygenClass.2.tot	OxygenClass.3.tot	OxygenClass.4.tot	OxygenClass.5.tot	SaprobityClass.1.tot	SaprobityClass.2.tot	SaprobityClass.3.tot	SaprobityClass.4.tot	SaprobityClass.5.tot	TrophicClass.1.tot	TrophicClass.2.tot	TrophicClass.3.tot	TrophicClass.4.tot	TrophicClass.5.tot	TrophicClass.6.tot	TrophicClass.7.tot	MoistureClass.1.tot	MoistureClass.2.tot	MoistureClass.3.tot	MoistureClass.4.tot	MoistureClass.5.tot	MotilityClass.H.tot	MotilityClass.M.tot	MotilityClass.N.tot	MotilityClass.V.tot	PhosphorusClass.H.tot	PhosphorusClass.L.tot	NitrogenClass.H.tot	NitrogenClass.L.tot
LCBEN002.57	LCBEN002.57_2007-05-09_49_1	49	1	5/9/2007	0.3333	6.3333	3.3333	0	0	1.3333	8.1667	0.1667	0	0	9	0.6667	0	0.3333	9	0.3333	0	1.3333	1	7	0.3333	0	0	3.1667	0.3333	6.1667	0	0	0.1667	1.1667	0.1667	2.1667	0	6	0.5	0.8333	2.5	0	0	0.3333	2	7.6667	0	0.6667	1.1667	6.8333	1.6667
LCBRB006.74	LCBRB006.74_2007-06-20_56_1	56	1	6/20/2007	0.9852	11.8227	6.8966	0	0	2.2989	14.6141	2.7915	0	0	18.2266	1.4778	0	2.7915	13.7931	1.9704	0.821	1.4778	4.9261	12.6437	0.1642	0.1642	0	8.3744	3.1199	7.8818	0	0	0.3284	1.4778	1.4778	8.2102	0	8.2102	0.9852	5.4187	5.5829	0	0	3.1199	5.9113	10.6732	0	2.4631	3.1199	11.4943	4.9261
LCCHC081.26	LCCHC081.26_2007-06-18_57_1	57	1	6/18/2007	2.6359	7.2488	39.5387	0	0	1.4827	9.3904	38.2208	0	0	44.8105	4.2834	0	39.0445	7.5783	0.3295	2.1417	1.1532	39.374	8.0725	0.4942	0	0	44.9753	1.9769	1.9769	0.1647	0	0	0.3295	4.2834	41.6804	0.1647	2.6359	2.9654	33.1137	11.3674	0	0	4.7776	40.8567	2.9654	0.8237	5.9308	1.6474	6.2603	39.5387
LCCLE063.52	LCCLE063.52_2007-05-07_39_1	39	1	5/7/2007	1.9386	2.9079	13.2472	0	0	2.2617	8.4006	7.1082	0	0	15.832	1.9386	0	10.5008	5.4927	0.3231	0.8078	4.3619	8.5622	2.7464	1.454	0	0	13.4087	2.1002	1.6155	0	0	0.8078	1.2924	1.6155	13.4087	0	0.6462	1.7771	10.8239	4.5234	0	0	2.1002	10.6624	2.1002	3.231	2.2617	3.8772	2.4233	11.147
LCCOY000.71	LCCOY000.71_2007-04-11_48_1	48	1	4/11/2007	47.6667	21.5	9.3333	0	0	8.8333	69	0.3333	0	0	19.1667	57	2	0.5	24.1667	0.6667	46.8333	3.8333	15.3333	45.1667	11.1667	0	0.5	11.1667	47.8333	12.1667	5.5	0	8.6667	0.1667	6.6667	52.3333	7.1667	3	41.8333	11.8333	22.1667	1.8333	0	57	21	0.5	0	18.6667	8.5	19.1667	0
LCECL018.17	LCECL018.17_2007-05-01_52_1	52	1	5/1/2007	1.3333	5.3333	9.8333	0	0	2.8333	9	4.5	0	0.3333	14	2	0	4.5	9.8333	0.1667	1	1.3333	9.1667	4.6667	0.6667	0	0	11.8333	1	2.6667	0.3333	0	0.5	1.6667	2.1667	8.1667	0.3333	3.5	2	4.8333	7.1667	0	0	3.6667	8.3333	4.5	0	2.5	2	7.3333	6.5
LCECL021.13	LCECL021.13_2007-05-02_36_1	36	1	5/2/2007	0.3322	8.1395	23.2558	0	0	3.9867	10.1329	17.4419	0	0	30.897	0.6645	0	17.4419	13.1229	0.4983	0.1661	2.3256	20.598	7.6412	0.6645	0	0	24.7508	1.9934	4.3189	0.1661	0	0.3322	2.3256	2.8239	20.7641	0.1661	5.1495	0.4983	17.2757	9.3023	0	0	2.99	23.7542	4.9834	0	2.6578	2.8239	9.8007	19.7674
LCECL021.13	LCECL021.13_2016-05-02_95_1	95	1	5/2/2016	13.245	27.3179	37.7483	0	0.1656	17.8808	46.1921	7.2848	0	1.4901	66.3907	6.2914	0	8.9404	40.2318	11.0927	5.1325	17.5497	26.1589	11.755	10.4305	0	0.4967	44.3709	9.9338	14.7351	2.1523	0.6623	0.3311	1.8212	3.1457	40.0662	2.4834	22.1854	2.1523	10.7616	42.053	2.8146	0	14.404	30.4636	30.6291	0.9934	17.2185	8.2781	27.3179	24.3377
LCECL040.69	LCECL040.69_2007-04-30_30_1	30	1	4/30/2007	1.6393	11.4754	13.1148	0	0	1.8033	8.5246	15.9016	0	0	24.7541	1.4754	0	15.7377	8.1967	1.8033	0.4918	0	11.8033	13.4426	0.9836	0	0	18.5246	4.918	2.2951	0.4918	0	0	0	10.4918	12.2951	0.4918	2.9508	0.6557	2.9508	21.8033	0	0	2.9508	17.8689	5.4098	0	9.0164	0.9836	4.4262	18.5246
LCELR000.13	LCELR000.13_2007-06-12_55_1	55	1	6/12/2007	2.9801	15.3974	9.6026	0	0	6.7881	20.1987	0.4967	0	0	24.6689	2.8146	0	0.6623	23.0132	1.8212	1.9868	4.4702	7.6159	13.245	2.1523	0	0	12.9139	3.9735	9.106	1.4901	0	0.1656	4.1391	4.1391	8.4437	1.4901	9.106	0.4967	3.3113	15.3974	0.1656	0	6.2914	8.4437	13.0795	0.1656	2.9801	5.1325	17.2185	7.4503
LCELR007.19	LCELR007.19_2007-06-13_47_1	47	1	6/13/2007	2.9255	14.0957	5.1862	0	0	5.1862	16.4894	0.5319	0	1.0638	18.75	1.9947	0.3989	0.3989	17.2872	0.5319	1.0638	0.5319	7.5798	11.5691	0.6649	0	0.3989	7.9787	5.4521	6.25	0.3989	0	1.8617	1.0638	2.3936	7.1809	0.5319	9.1755	4.5213	2.7926	7.4468	0.6649	0	6.6489	2.1277	13.4309	0	3.0585	0.6649	8.7766	4.2553
LCHAL004.59	LCHAL004.59_2007-06-04_43_1	43	1	6/4/2007	1.3333	3.6667	13.6667	0	0	15.3333	3.1667	0.1667	0	0	18.1667	0.5	0	0.5	16.5	0.8333	0.5	13.6667	0.5	2.8333	1.3333	0	0	14.1667	0	3.6667	0.5	0	0.8333	13.5	0	1	0.5	2.8333	0.3333	0.6667	14.8333	0.1667	0	0.5	13.5	4.6667	0	1.3333	14	3.6667	13.8333
LCHAL008.83	LCHAL008.83_2007-06-05_31_1	31	1	6/5/2007	2.1667	9.8333	23.6667	0	0	4.5	30.6667	0.5	0	0	35.1667	0.5	0	1.1667	32.1667	1.1667	0.5	2.5	22	9	1.5	0	0	24.8333	0.8333	9.1667	0.3333	0	1.1667	1.5	0.3333	3.5	0.3333	28.8333	20.6667	2	4.3333	0.6667	0	1.3333	2.6667	31.1667	0.5	1.5	2.3333	9.1667	3.3333
LCHAL010.20	LCHAL010.20_2007-06-07_34_1	34	1	6/7/2007	0.1667	5.3333	22.3333	0	0	1.8333	25.6667	0.3333	0	0.1667	27.6667	0	0	1.3333	25.8333	0.1667	0	1	22.1667	4.1667	0.1667	0	0.3333	23.3333	0.5	3.6667	0	0	0.3333	0.8333	1	0.3333	0	25	21.1667	1.6667	0.5	0.6667	0	0.1667	2.5	25.1667	0	0.3333	0.6667	3.8333	0.6667
LCLCR211.73	LCLCR211.73_2007-04-25_53_1	53	1	4/25/2007	0.5	9.6667	2.6667	0	0	1.1667	10	1.6667	0	0.1667	4.5	8.1667	0	1.6667	6.1667	0	0	4.6667	2	2	3.3333	0	0	7.3333	3.8333	1	0	0	0.6667	0.3333	0.3333	10.6667	0	0.8333	1	2.5	8.5	0	0	0.6667	8.5	3	0.6667	8.3333	1.3333	3.8333	3
LCLCR211.73	LCLCR211.73_2007-05-14_54_1	54	1	5/14/2007	1.6181	71.0356	8.0906	0	0	8.2524	71.8447	0.6472	0	0.1618	27.9935	52.589	0	0.4854	72.6537	0.3236	0.8091	5.3398	2.1036	25.5663	46.2783	0	0	8.5761	70.712	0.8091	0.3236	0	0.3236	0.8091	1.1327	71.8447	0.3236	6.3107	0.4854	6.7961	72.1683	0.3236	0	2.7508	58.2524	19.4175	0.3236	52.9126	0.3236	49.3528	18.4466
LCLCR311.31	LCLCR311.31_2007-04-10_50_1	50	1	4/10/2007	35.0785	14.6597	5.2356	0	0	34.555	18.8482	1.0471	0	0.5236	5.7592	45.5497	2.6178	0	14.1361	1.0471	34.555	0.5236	4.712	2.6178	41.8848	1.0471	0	6.8063	9.9476	4.1885	33.5079	0	0	0.5236	3.6649	14.1361	36.1257	0	4.1885	2.0942	48.1675	0	0	42.9319	9.9476	2.0942	0	48.6911	0	49.2147	0.5236
LCLCR340.02	LCLCR340.02_2007-04-18_61_1	61	1	4/18/2007	6.135	27.454	22.8528	0	0	7.6687	44.3252	4.4479	0	4.908	34.5092	14.7239	2.3006	3.0675	40.184	1.3804	4.4479	1.3804	31.135	17.3313	3.2209	0.9202	0.3067	34.9693	9.6626	10.7362	0.6135	0	0.7669	5.9816	9.3558	31.7485	2.9141	5.6748	17.3313	7.0552	28.5276	0.3067	0	20.3988	17.3313	18.7117	0	14.8773	2.9141	33.2822	7.2086
LCLCR342.03	LCLCR342.03_2007-04-12_41_1	41	1	4/12/2007	3.937	20	31.0236	0	0	9.2913	40.6299	4.4094	0	0	40.4724	13.2283	0.9449	4.0945	47.4016	0.9449	1.5748	7.874	22.8346	20.1575	3.3071	0	0	31.9685	16.6929	5.0394	0.6299	0.315	0.1575	6.9291	2.9921	38.2677	0.7874	5.1969	14.0157	7.0866	31.0236	0.6299	0	7.7165	32.126	14.6457	0.4724	5.8268	8.189	22.3622	14.0157
LCLCR360.06	LCLCR360.06_2007-06-06_45_1	45	1	6/6/2007	4.8333	14.3333	3.1667	0	0	5.1667	17.1667	0	0	0	16.8333	5.5	0	0	17.5	2	2.8333	0.3333	3.1667	12.8333	6	0	0	4	7	9	2.3333	0	0	0.3333	1.8333	8.8333	2.3333	9	0.6667	2.8333	11.3333	0	0	5.5	4.6667	12.1667	0	7.3333	0.3333	17.1667	2.5
LCLVL001.32	LCLVL001.32_2007-06-13_62_1	62	1	6/13/2007	4.3333	19.3333	5.8333	0	0	7.3333	22.1667	0	0	0.1667	24	4.5	0.8333	1.6667	21.5	1	2.8333	3.3333	5.5	15.8333	2.5	0	1	11.6667	1.5	13.6667	1.6667	0	0.5	2.6667	3.5	5.3333	2.3333	15.1667	1.6667	3.6667	10.8333	1	0	7.6667	4.1667	17.5	0.1667	6.1667	2.5	18.8333	2.8333
LCMIN018.05	LCMIN018.05_2007-06-29_38_1	38	1	6/29/2007	0.8333	29.8333	8.5	0	0	4.1667	33.8333	0.8333	0	0	38.6667	0.1667	0	1	36.1667	0.3333	0.1667	2	4.1667	31.1667	0.3333	0	0	11.3333	2.5	25	0	0	0.5	3	2.5	8.5	0	24.3333	0.1667	6.1667	7.1667	0.1667	0	2	5	32.1667	0	0.3333	2.8333	26.5	5.1667
LCMLK001.18	LCMLK001.18_2007-05-22_33_1	33	1	5/22/2007	1.3333	22	11	0	0	2.6667	30.6667	0.5	0	0	32.6667	1	0.3333	0.3333	32	0.5	0.3333	2	9.8333	20.5	0.8333	0	0	12.5	12.1667	9.1667	0	0.1667	0	2	7	15.8333	0.3333	8.6667	0.8333	0.3333	24.3333	0.3333	0	7.6667	5.6667	21	0	1.6667	1.6667	18.3333	13.6667
LCMRS043.17	LCMRS043.17_2007-05-24_32_1	32	1	5/24/2007	0.9346	14.486	3.271	0	0	2.5701	16.1215	0	0	1.8692	16.8224	0	0	0	16.3551	0	0	3.0374	8.1776	7.0093	0	0	0	14.2523	0.2336	4.2056	0	0	0.2336	1.8692	4.4393	5.3738	0	6.7757	4.9065	2.1028	7.9439	0.2336	0	8.1776	3.972	6.5421	0	2.3364	0.7009	9.5794	0.9346
LCRIG004.87	LCRIG004.87_2007-05-10_42_1	42	1	5/10/2007	8	15.1667	2.1667	0	0	6.6667	18.1667	0.3333	0	0	15.6667	9.5	0	0.1667	17	0.3333	7.3333	0.8333	4	14.8333	5	0.1667	0	5.1667	3.3333	12	4.6667	0	0.8333	0	1.8333	6.6667	4.6667	11.1667	1.3333	3.3333	10.1667	2.1667	0	10.8333	4.1667	10.3333	0	8.5	1.8333	17.6667	2
LCRUD003.45	LCRUD003.45_2007-05-23_46_1	46	1	5/23/2007	8.3333	23.1667	5.8333	0	0	8.5	26.8333	2	0	2	29.3333	5.3333	0.6667	1.3333	25.8333	4.3333	2.3333	1	13.1667	12.8333	8.8333	0	0	14.1667	4.3333	17.1667	1.1667	0	3.3333	2	5	16	1.1667	9.5	6.3333	11.8333	16.5	0	0	14.3333	11	12	0	13.5	8.5	20.8333	6.8333
LCRUD007.23	LCRUD007.23_2007-06-28_60_1	60	1	6/28/2007	0.8333	29	7	0	0	6.6667	29.1667	0.3333	0	2.1667	32.6667	1.3333	0	0	33.3333	0	0.6667	4.3333	10	21	0.8333	0	0	15	2	18.8333	0.3333	0	0	6.3333	5.6667	5.3333	0.3333	18.5	3.3333	0.5	14.1667	0	0	9.5	6.1667	21.1667	0	3.3333	4.3333	28.1667	6.3333
LCSHL026.50	LCSHL026.50_2007-04-17_40_1	40	1	4/17/2007	2.1173	19.2182	9.4463	0	0	9.6091	19.7068	1.4658	0	0	27.3616	3.2573	0.1629	1.4658	20.3583	0.9772	0	2.2801	11.2378	7.1661	2.1173	0	0	14.658	6.0261	2.7687	0	0	7.329	2.1173	5.8632	13.355	0	2.1173	6.0261	2.7687	13.5179	0	0	6.5147	5.3746	17.4267	1.4658	2.443	3.2573	8.6319	6.3518
LCSHL029.75	LCSHL029.75_2007-06-26_58_1	58	1	6/26/2007	1.3333	5.1667	13.1667	0	0	1.6667	13	4.6667	0	0.1667	15.8333	3.6667	0	4.8333	12.3333	1.3333	0.6667	0.5	12.6667	5	0.5	0.6667	0	13.3333	2	3.6667	0.3333	0.3333	0	0.5	1	13.8333	0.3333	3.6667	2.8333	6.8333	7.6667	0	0	2.8333	10	6.5	0.3333	2.3333	1.1667	8.8333	6.5
LCSHL031.05	LCSHL031.05_2007-04-16_44_1	44	1	4/16/2007	2.2409	13.1653	25.7703	0	0	4.2017	22.6891	14.2857	0	0.4202	36.8347	3.9216	0	1.5406	33.1933	2.6611	1.2605	0.9804	26.7507	8.6835	1.8207	0.8403	0.1401	28.4314	4.902	5.1821	0.7003	0	1.8207	3.5014	15.9664	14.7059	0.7003	4.4818	17.507	5.8824	14.1457	0.1401	0	6.4426	8.5434	25.9104	0.2801	4.4818	4.7619	13.8655	5.8824
LCSIL041.04	LCSIL041.04_2007-04-24_35_1	35	1	4/24/2007	3.0255	6.6879	9.2357	0	0	3.3439	13.8535	0.9554	0	0.9554	14.3312	2.8662	0	2.2293	11.6242	0.9554	2.3885	1.2739	11.465	2.707	2.707	0	0	13.3758	0.9554	1.7516	2.0701	0	0	0.9554	5.5732	8.4395	2.0701	1.1146	2.5478	3.6624	11.1465	0	0	9.0764	5.5732	3.0255	1.2739	4.1401	1.9108	12.5796	2.0701
LCSIL043.84	LCSIL043.84_2007-06-27_51_1	51	1	6/27/2007	0.3333	3.3333	4	0	0	1.5	5.8333	0	0	0	5.5	1.8333	0	0.3333	4.1667	1	1.3333	0.3333	2.3333	3.8333	0.3333	0	0	4.1667	2.5	0.3333	0.1667	0	0	0	2.3333	3.6667	0.1667	1.1667	1.8333	2.1667	3.1667	0.1667	0	4.6667	2	0.6667	0.3333	2.6667	0.5	3.1667	0.8333
LCSLR001.42	LCSLR001.42_2007-05-21_37_1	37	1	5/21/2007	4.5	10.6667	25.5	0	0	3	29.6667	7.6667	0	0	29.5	10.8333	0	7.3333	30.3333	0.1667	1.5	2.1667	22.6667	12.3333	2.1667	0	0	27.8333	4.8333	7.1667	0.1667	0	1	1.1667	4.8333	28.6667	0.1667	4.5	9.1667	12.6667	14.1667	1.3333	0	5.5	13.8333	19.6667	1.6667	3.3333	4	11.6667	12.8333
LCSLR003.72	LCSLR003.72_2007-06-21_59_1	59	1	6/21/2007	2.4194	12.9032	28.2258	0	0	5.4839	36.6129	1.4516	0	0	25.9677	17.5806	0	1.7742	41.2903	0	0.4839	5.3226	26.9355	10	1.2903	0	0	33.2258	1.4516	8.871	0	0	0.1613	5	4.8387	25.9677	0	7.5806	16.2903	2.5806	17.9032	0	0	5.3226	12.4194	25.6452	0.1613	1.9355	6.6129	16.4516	9.0323
MGAFR110.01	MGAFR110.01_2015-04-14_66_1	66	1	4/14/2015	70.0997	26.7442	2.8239	0	0	6.6445	43.3555	0	0	5.1495	35.5482	9.3023	0	0	13.4551	5.814	21.5947	0.3322	24.9169	9.8007	6.1462	0	0	12.2924	4.9834	26.7442	48.0066	5.1495	0	0	0.9967	60.6312	20.598	4.6512	0	1.8272	12.1262	23.4219	0	16.4452	28.9037	8.6379	0	27.2425	0	35.2159	0
MGAFR110.01	MGAFR110.01_2016-04-04_96_1	96	1	4/4/2016	9.6506	59.7338	27.1215	0.6656	6.1564	5.6572	80.1997	0.3328	0	0	66.5557	25.7903	0.3328	0.3328	68.8852	13.6439	1.9967	2.6622	35.1082	24.2928	23.2945	0	0	43.7604	28.4526	12.812	1.1647	0	0	0.3328	22.7953	52.9118	1.3311	9.1514	9.1514	8.6522	60.8985	0.6656	0	42.2629	26.6223	27.1215	0	46.9218	1.8303	73.7105	1.8303
MGHSR002.67	MGHSR002.67_2015-04-08_67_1	67	1	4/8/2015	6.6446	89.7013	3.6542	0	0	1.6611	88.8707	0.4985	0	0.166	7.8072	82.5586	1.495	0.8305	2.4912	79.5689	5.3159	0.8305	3.3221	79.4025	4.3194	0.3321	0.8305	2.8233	78.9044	4.8175	2.1595	0.166	0	0	0.3321	86.7112	3.3224	1.1626	0.3321	4.9828	82.7253	2.1595	0	85.8807	10.2991	2.9897	0	86.2131	0	88.8711	0.8305
MGHSR048.20	MGHSR048.20_2015-04-15_68_1	68	1	4/15/2015	28.7415	53.8912	12.5748	0	0	14.9728	71.8538	0	0	0	44.9082	43.1156	0	11.3775	38.9218	10.7789	23.9524	1.1973	10.7755	38.3231	18.5646	7.1871	11.3775	6.5851	37.1258	26.3469	5.9898	0	0	0	23.9524	45.5068	8.983	9.5816	14.9694	22.1565	34.7313	6.5851	0	26.9456	47.3028	19.7619	0	34.7313	0	58.6837	0
MGHSR058.80	MGHSR058.80_2015-04-15_69_1	69	1	4/15/2015	33.8755	46.4514	19.6731	0	0	2.7313	86.881	0	0	5.4653	23.4986	66.1138	0	16.3934	33.3351	8.194	33.3297	4.3712	2.734	46.9918	24.5873	0.5457	16.3934	4.9196	64.4766	7.1025	0.5457	1.0941	0	0	13.1163	68.8451	0.5457	7.1052	33.8782	3.2797	44.2578	5.4653	0	44.8035	43.1717	10.9307	0	33.8755	0	42.0722	0
MGSSW000.38	MGSSW000.38_2015-04-22_70_1	70	1	4/22/2015	5.3331	42.3334	52.167	0	0.3334	15.3331	64.5005	0	0	1.0001	75.0002	4	1.0001	1.6668	57.5004	8.8332	4.1665	11.8334	40.8335	14.8336	4.333	0	1.0001	60.3337	9.8335	8.333	0.6667	1.3334	0.3334	0.3334	8.1668	47.8333	1.8333	20.8334	4.3333	14.3337	53.1667	1.4999	0	33.6668	42.8333	22.5001	0.3334	10.8333	10.8333	53.8338	10.8333
SCCIE004.25	SCCIE004.25_2001-07-04_1_1	1	1	7/4/2001	11.4504	3.0534	35.8779	0	0	12.2137	36.6412	1.5267	0	0	28.2443	22.1374	0	3.8168	38.1679	8.3969	0	3.0534	29.0076	9.9237	8.3969	0	0	38.1679	3.8168	8.3969	0	0	0	0	0	46.5649	0	3.8168	19.084	19.8473	11.4504	0	0	3.8168	4.5802	38.9313	3.0534	18.3206	3.0534	20.6107	3.8168
SCCIE004.25	SCCIE004.25_2001-07-04_1_2	1	2	7/4/2001	23.5294	11.7647	41.1765	0	0	35.2941	41.1765	0	0	0	52.9412	23.5294	0	5.8824	52.9412	17.6471	0	11.7647	23.5294	23.5294	17.6471	0	0	47.0588	5.8824	23.5294	0	0	0	5.8824	0	52.9412	0	17.6471	23.5294	23.5294	29.4118	0	0	5.8824	5.8824	52.9412	11.7647	23.5294	23.5294	23.5294	23.5294
SCCIE006.69	SCCIE006.69_2001-07-04_2_1	2	1	7/4/2001	2.7778	12.5	11.9444	0	0	14.1667	13.0556	0	0	0	22.2222	4.7222	0.2778	6.6667	17.5	3.0556	0	6.6667	6.1111	11.9444	2.5	0	0	13.0556	11.3889	2.7778	0	0	0.8333	0	0	15.2778	0	11.1111	15.2778	7.5	4.4444	0	0	0.8333	0.8333	9.1667	16.3889	3.8889	16.6667	4.4444	16.6667
SCCIE020.88	SCCIE020.88_2001-07-04_3_1	3	1	7/4/2001	24.2424	3.0303	36.3636	0	0	30.303	27.2727	6.0606	0	0	45.4545	18.1818	0	6.0606	51.5152	6.0606	0	0	45.4545	12.1212	6.0606	0	0	54.5455	0	9.0909	0	0	0	0	6.0606	36.3636	0	21.2121	0	33.3333	30.303	0	0	18.1818	12.1212	33.3333	0	39.3939	3.0303	39.3939	15.1515
SCCIE020.88	SCCIE020.88_2001-07-04_3_2	3	2	7/4/2001	44.4444	5.5556	11.1111	0	0	44.4444	16.6667	0	0	0	16.6667	44.4444	0	0	61.1111	0	0	0	50	11.1111	0	0	0	55.5556	0	5.5556	0	0	0	0	0	11.1111	0	50	0	11.1111	50	0	0	44.4444	5.5556	11.1111	0	44.4444	5.5556	50	5.5556
SCCIE026.68	SCCIE026.68_2001-07-04_4_1	4	1	7/4/2001	8.6957	26.9565	32.1739	0	0	18.2609	46.087	3.4783	0	0	61.7391	6.087	0	0	60.8696	2.6087	2.6087	3.4783	26.087	31.3043	5.2174	0	0	33.0435	6.087	24.3478	2.6087	0	1.7391	0	5.2174	23.4783	2.6087	34.7826	0	31.3043	34.7826	0	0	13.0435	28.6957	26.087	0	12.1739	21.7391	29.5652	23.4783
SCCIE026.68	SCCIE026.68_2001-07-04_4_2	4	2	7/4/2001	9.6774	17.7419	54.8387	0	0	33.871	32.2581	16.129	0	0	82.2581	0	0	6.4516	66.129	9.6774	0	6.4516	32.2581	33.871	9.6774	0	0	54.8387	3.2258	24.1935	0	0	0	0	24.1935	43.5484	0	14.5161	0	37.0968	45.1613	0	0	16.129	32.2581	27.4194	6.4516	25.8065	20.9677	17.7419	48.3871
SCMAD012.71	SCMAD012.71_2001-07-04_5_1	5	1	7/4/2001	2.4691	29.6296	22.2222	0	0	20.9877	30.8642	0	0	0	45.679	6.1728	0	11.1111	38.2716	2.4691	0	13.5802	12.3457	23.4568	2.4691	0	0	29.6296	3.7037	18.5185	0	0	8.642	2.4691	3.7037	17.284	0	19.7531	8.642	23.4568	19.7531	0	0	0	12.3457	37.037	4.9383	2.4691	23.4568	4.9383	27.1605
SCMAD012.71	SCMAD012.71_2001-07-04_5_2	5	2	7/4/2001	0	74.4548	7.4766	0	0	6.2305	75.0779	0.6231	0	0	81.9315	0	0	2.8037	74.4548	0	0	2.1807	3.1153	71.9626	0	0	0	5.919	1.5576	69.7819	0	0	4.6729	0.9346	1.5576	3.4268	0	71.3396	1.2461	74.7664	1.2461	0	0	1.5576	2.1807	76.0125	2.1807	0	72.8972	1.2461	72.5857
SCRED005.58	SCRED005.58_2001-07-04_6_1	6	1	7/4/2001	0	0	4.3222	0	0	0.7859	3.5363	0	0	0	1.7682	2.554	0	0	4.3222	0	0	0	3.3399	0.9823	0	0	0	3.5363	0.7859	0	0	0	0	0	0	3.5363	0	0.7859	2.554	1.7682	0	0	0	0	0.7859	3.5363	0	0.7859	0	0.7859	0
SCSAB005.40	SCSAB005.40_2001-07-04_7_1	7	1	7/4/2001	5.618	4.4944	37.0787	0	0	10.1124	35.9551	1.1236	0	0	21.3483	25.8427	0	5.618	40.4494	1.1236	0	4.4944	38.2022	2.2472	0	0	2.2472	43.8202	1.1236	0	0	0	2.2472	2.2472	13.4831	23.5955	0	5.618	20.2247	0	26.9663	0	0	17.9775	6.7416	22.4719	0	7.8652	2.2472	19.1011	3.3708
SCSAB007.15	SCSAB007.15_2015-05-05_71_1	71	1	5/5/2015	5.8238	70.5489	22.296	0	0	25.2911	52.0801	10.9819	0	1.3312	42.263	45.0917	0	12.8122	20.1328	9.1516	41.0984	14.1431	18.303	46.7556	4.1596	0	0.3327	35.441	46.922	5.8238	0.3327	0	0.3327	6.4893	10.8156	54.0765	2.8287	14.3095	3.4939	45.7574	27.288	2.6624	0	53.2446	17.9703	23.4606	1.4975	11.3144	19.4678	10.6489	24.4596
SCSAB009.77	SCSAB009.77_2001-07-04_8_1	8	1	7/4/2001	19.1489	11.7021	5.3191	0	0	23.9362	12.234	0	0	0	17.0213	19.1489	0	1.5957	30.3191	0.5319	0	1.5957	20.2128	10.1064	0.5319	0	0	25	0	7.4468	0	0	4.7872	0	1.0638	4.7872	0	25.5319	0.5319	10.6383	21.2766	0	0	19.6809	0	15.9574	0.5319	19.1489	7.4468	20.2128	7.4468
SCSAB009.77	SCSAB009.77_2001-07-04_8_2	8	2	7/4/2001	9.8361	17.2131	24.5902	0	0	13.1148	33.6066	4.918	0	0	44.2623	7.377	0	6.5574	33.6066	9.8361	0	1.6393	19.6721	18.8525	9.8361	0	0	22.9508	1.6393	25.4098	0	0	1.6393	0	4.0984	28.6885	0	17.2131	8.1967	26.2295	15.5738	0	0	4.0984	9.0164	36.8852	1.6393	10.6557	17.2131	16.3934	22.1311
SCSCR034.31	SCSCR034.31_2007-07-04_9_1	9	1	7/4/2007	67.5	2.1667	2.8333	0	0	63.8333	8.6667	0	0	0	10.5	62	0	0	4.3333	4.1667	64	0	2.8333	2.8333	66.8333	0	0	2.8333	1.1667	7.6667	60.8333	0	0	0	2.8333	7.8333	60.8333	1	0	0	70.8333	0.6667	0	65.5	3	4	0	68	0	71.8333	0
SCSCR034.31	SCSCR034.31_2007-07-04_9_2	9	2	7/4/2007	75.3333	1	1	0	0	74.1667	3.1667	0	0	0	9	68.3333	0	0	1.1667	6.3333	69.5	0	1	1	75	0	0	1.3333	0.5	7.5	68	0	0	0	1	8.1667	68	0.1667	0.3333	0	76.5	0.3333	0	70.1667	1.1667	6	0	75.8333	0	77	0
SCSCR034.31	SCSCR034.31_2007-07-04_9_3	9	3	7/4/2007	68.5	1.3333	0.8333	0	0	66.6667	3.3333	0	0	0	3.8333	66	0.1667	0	1.5	1	67.5	0	1	0.8333	68.1667	0	0	0.8333	0.5	3	65.6667	0	0	0	0.8333	3	65.6667	0.5	0.3333	0	69.1667	0	0	67.6667	1.5	1.5	0	68.1667	0	69.5	0
SCSCR039.63	SCSCR039.63_2015-04-29_72_1	72	1	4/29/2015	30.2815	54.226	15.4925	0	0	34.0379	51.4082	1.8778	0	1.1735	65.0236	20.1874	1.8778	2.3463	35.2114	21.1267	23.7095	8.6848	4.4592	43.6627	25.5873	0	1.4078	9.3898	44.1319	23.0045	7.277	0.7043	0	0	19.2481	36.8542	9.8591	16.6675	5.3992	27.2309	43.4269	6.807	0	30.2815	57.5116	10.5633	0	30.5157	1.4085	56.3381	1.8778
SCSCR039.63	SCSCR039.63_2016-04-06_97_1	97	1	4/6/2016	28	48.1667	19.3333	4.3333	0	29.5	52.1667	0.3333	0	0	62	19.8333	0.1667	0.6667	27.3333	42.5	11	18.8333	2.3333	29.8333	30.1667	0.3333	0.3333	21.3333	26.6667	25.5	8.1667	0	0	0	4.5	47.6667	9	21	0.8333	5.1667	72.1667	1.5	0	25.8333	35	23.1667	0	49.8333	3	54.1667	3.1667
SCSCR045.13	SCSCR045.13_2007-07-04_10_1	10	1	7/4/2007	66.6667	3.5	2.3333	0	0	63.5	7	0	0	0	40.3333	27.3333	2.8333	0	1.1667	40.8333	28.5	0	0.6667	4.1667	65.6667	0	0	0.6667	3.8333	40.1667	25.8333	0	0	0	0.6667	44	25.8333	0	0.6667	0	69.5	0.3333	0	31	2.1667	39.3333	0	66	0	66.6667	0
SCSCR045.13	SCSCR045.13_2007-07-04_10_2	10	2	7/4/2007	53.1667	3.6667	0.3333	0	0	49.8333	6	0	0	0	20.5	33	2.3333	0	0.6667	19.1667	36	0	0	2.6667	53.1667	0	0	0	2.6667	20.5	32.6667	0	0	0	0	22.8333	32.6667	0.3333	0	0.3333	55.5	0	0	36.3333	4	16.8333	0	53.1667	0	53.1667	0
SCSCR045.13	SCSCR045.13_2007-07-04_10_3	10	3	7/4/2007	79.8333	0.3333	0	0	0	78.6667	1.1667	0	0	0	14.3333	65.5	0	0	0	13.1667	66.6667	0	0	0	79.8333	0	0	0	0	14.3333	65.5	0	0	0	0	14.3333	65.5	0	0	0	79.8333	0	0	65.8333	1.1667	13.1667	0	79.8333	0	79.8333	0
SCSCR096.72	SCSCR096.72_2007-07-04_11_1	11	1	7/4/2007	92.6667	0.3333	0.5	0	0	90.8333	2.6667	0	0	0	62.1667	31.3333	0	0	0.8333	60.3333	32.3333	0	0.8333	0.8333	91.8333	0	0	0.8333	0.6667	61.5	30.5	0	0	0	0.8333	62.1667	30.5	0	0.6667	0	92.6667	0.1667	0	32.1667	1	60.3333	0	91.8333	0	92.6667	0
SCSCR096.72	SCSCR096.72_2007-07-04_11_2	11	2	7/4/2007	71.1667	3	0.5	0	0	68	6.3333	0.3333	0	0	46.8333	27.3333	0.5	0.3333	1	42.5	29.8333	0	0.8333	2	70.5	0.3333	0	1.6667	1	46	26	0	0	0	0.6667	47.1667	26.5	0.3333	0.6667	0.8333	72.8333	0.3333	0	28.8333	4	41.8333	0	73	0	73.6667	0
SCSCR096.72	SCSCR096.72_2007-07-04_11_3	11	3	7/4/2007	73	3.5	1.5	0	0	69.1667	8.6667	0	0	0	52.5	24.1667	1.1667	0	4.1667	45.6667	27.3333	0	1.6667	2.5	73	0	0	1.5	0.8333	51.6667	23.8333	0	0	0	1.1667	50.3333	24.5	1.8333	1.1667	0.3333	74.5	0	0	27	3.8333	47.1667	0	74	0	75.8333	0
SCSCR103.45	SCSCR103.45_2015-04-07_73_1	73	1	4/7/2015	38.2694	56.0729	5.6577	0	0	33.2775	61.7306	0.333	0	0.9982	72.5454	20.799	1.664	1.1647	52.9118	12.9784	27.9532	3.6604	12.9784	47.4209	30.4491	0	1.3312	6.4894	28.2862	50.9148	8.4857	0.3327	0	0.6655	16.9718	33.2781	17.4707	26.4557	4.1599	18.9685	37.1047	11.1479	0	18.4692	44.5923	35.9403	0	42.7621	0.6655	83.5271	0.6655
SCSCR103.45	SCSCR103.45_2016-04-05_98_1	98	1	4/5/2016	29.5	62	6.8333	1.6667	0	43.3333	39.3333	1.1667	0	1.5	48.5	34	1.3333	1.5	52	8	22.5	2.1667	7.1667	40.6667	34	0	1.5	6.3333	36.1667	22.1667	19.3333	0	0	0	22.3333	25.6667	18.8333	17.1667	5	26.1667	34.6667	2.5	0	27.8333	42.5	22.1667	0	40.6667	0.1667	78.5	0.1667
SCSCR111.66	SCSCR111.66_2007-07-04_14_1	14	1	7/4/2007	43.8333	0.8333	0.6667	0	0	42.6667	2.6667	0	0	0	21	24.1667	0.1667	0	1.5	18.5	25.3333	0	0.5	0.8333	44	0	0	0.8333	0.1667	20.1667	24.1667	0	0	0	0.1667	20.5	24.1667	0.5	0	0.5	44.5	0	0	24.5	1.5	19.3333	0	43.8333	0.1667	44.6667	0.1667
SCSCR111.66	SCSCR111.66_2007-07-04_14_2	14	2	7/4/2007	50.4886	2.6059	0	0	0	50.4886	2.6059	0	0	0	11.4007	41.6938	0	0.6515	1.3029	8.7948	41.6938	0	0.6515	1.3029	50.4886	0	0	1.3029	0.6515	10.0977	41.0423	0	0	0	0.6515	10.7492	41.0423	0.6515	1.3029	0.6515	50.4886	0	0	41.6938	1.3029	10.0977	0	51.1401	0	51.7915	0
SCSCR111.66	SCSCR111.66_2007-07-04_14_3	14	3	7/4/2007	58.3333	6.1667	2.3333	0	0	55	9.5	0	0	0	40.5	22.3333	1.6667	0	4	36.1667	24.3333	0	1	6.1667	57.3333	0	0	1	3.1667	39.6667	20.6667	0	0	0	0	40.5	20.6667	3.3333	1	1.5	59	1	0	25.6667	3.6667	37.5	0	57.3333	0	59.3333	0
SCSCR128.27	SCSCR128.27_2001-07-04_15_1	15	1	7/4/2001	8.5106	0	12.766	0	0	8.5106	12.766	0	0	0	12.766	8.5106	0	10.1064	11.1702	0	0	10.1064	11.1702	0	0	0	0	21.2766	0	0	0	0	0	2.6596	0	10.1064	0	8.5106	0	10.1064	11.1702	0	0	8.5106	2.6596	2.6596	7.4468	11.1702	7.4468	11.1702	7.4468
SCSCR168.93	SCSCR168.93_2007-07-04_13_1	13	1	7/4/2007	43.8333	10	4.8333	0	0.3333	27.3333	29.6667	0.3333	0	0.3333	30.1667	22.6667	4.5	0.3333	8	10.8333	36.3333	0.3333	5	7.6667	42.5	0	0.3333	7.1667	5.6667	26.3333	18.1667	0	0.3333	0	2.8333	34.5	18.5	1.5	4.3333	1	50.6667	1	0	30.5	20.1667	8	0	45.6667	0	48.6667	0
SCSCR168.93	SCSCR168.93_2007-07-04_13_2	13	2	7/4/2007	46.1667	4.6667	2.3333	0	0.3333	39.6667	12.8333	0	0	0.3333	26.6667	24	1.8333	0.3333	4.8333	18.5	28.5	0.3333	1.8333	4.5	45.5	0	0.3333	2.1667	3.1667	25	22.1667	0	0.3333	0	1.1667	26.8333	22.6667	1.8333	0.1667	1.1667	50	0.3333	0	27.1667	8.6667	17.3333	0	47	0	49.5	0
SCSCR168.93	SCSCR168.93_2007-07-04_13_3	13	3	7/4/2007	52.5	1	3.3333	0	0	29.5	26	0	0	0	31	24.5	0	0.6667	2	3.6667	49.1667	0	1	2	52.5	0	0	1	2	28	24.5	0	0	0	1	28.3333	24.5	1.6667	0	2.3333	53.1667	0	0	25.1667	27	4.6667	0	52.8333	0	53.1667	0
SCSCR169.35	SCSCR169.35_2001-07-04_12_1	12	1	7/4/2001	5.4054	6.3063	44.1441	0	0	9.9099	45.9459	0	0	0	39.6396	16.2162	0	2.7027	45.045	5.4054	2.7027	2.7027	37.8378	9.9099	5.4054	0	0	45.9459	2.7027	7.2072	0	0	1.8018	9.9099	4.5045	35.1351	0	4.5045	23.4234	8.1081	24.3243	0	0	7.2072	12.6126	35.1351	0.9009	8.1081	12.6126	22.5225	2.7027
SCSCR169.35	SCSCR169.35_2001-07-04_12_2	12	2	7/4/2001	2.8369	2.1277	64.539	0	0	12.0567	57.4468	0	0	0	58.8652	10.6383	0	0.7092	65.9574	2.8369	0	4.2553	19.1489	43.2624	2.8369	0	0	60.2837	4.9645	4.2553	0	0	0.7092	3.5461	1.4184	57.4468	0	6.383	14.1844	43.2624	12.0567	0	0	1.4184	15.6028	52.4823	0	2.8369	4.9645	7.8014	4.9645
SCSON014.52	SCSON014.52_2001-07-04_16_1	16	1	7/4/2001	0	0	75	0	0	0	75	0	0	0	0	75	0	0	75	0	0	0	75	0	0	0	0	75	0	0	0	0	0	0	0	75	0	0	75	0	0	0	0	0	0	75	0	0	0	0	0
SPARA010.19	SPARA010.19_2015-04-21_74_1	74	1	4/21/2015	11.8609	19.0684	65.1174	0	0	3.0236	74.4187	0	0	0.2324	77.2107	11.6266	0	0.2324	56.5125	11.6275	8.14	2.5587	22.0929	43.0236	9.3022	0	0.2324	51.6285	10.6969	14.8845	0.4649	0.2324	0	1.1631	2.0929	66.0462	3.4884	16.0467	2.3253	30.6978	37.6747	3.0236	0.2324	11.8591	31.1636	52.7916	0	16.5116	1.8614	38.8369	2.0938
SPARA019.41	SPARA019.41_2015-06-11_75_1	75	1	6/11/2015	14.3333	38.0002	47.6664	0	0.1667	13.8337	69.9992	0	0	1	73.9997	11.6666	0	18.3331	28.6667	26.6662	5.1668	20.1664	19.6664	14.3333	22.1665	1.8334	1	45.4997	10.6666	23.8332	3.0001	0.1667	0.3333	2.5001	10.1666	61.3327	3.5001	8.6669	1	24.6666	50.6661	1	0	27.3333	34.3331	21.3339	16.9997	16.6667	20.6665	48.1664	21.1665
SPARA019.41	SPARA019.41_2015-06-11_75_2	75	2	6/11/2015	7.6539	45.7572	45.4242	0	0	9.9834	74.043	0	0	0	79.5336	4.6591	1.4976	1.3311	47.2546	21.4641	3.6606	10.6489	33.1114	20.466	9.1513	0.3328	0	53.7435	17.8038	12.4791	0	1.6639	0.3328	1.3311	11.148	48.2527	0.4991	21.1316	7.4876	17.3047	56.2394	0.6654	0	39.4344	42.2627	17.1382	0	18.9684	9.4843	55.7402	9.1515
SPRMC011.11	SPRMC011.11_2015-06-17_76_1	76	1	6/17/2015	18.6354	17.4709	60.8987	0	0	38.7685	47.5877	1.9967	0	0	91.847	1.1647	0	3.6606	65.0584	18.3027	1.1647	38.6023	14.9752	16.639	18.3027	0	1.6639	57.2381	4.8253	24.9582	0	4.3261	0	1.6639	3.4944	40.0997	0.3327	43.0948	0	8.3197	69.8835	0.3327	0	6.822	36.4393	53.411	0.3327	2.4959	37.7703	22.6294	38.6023
SPSPR014.18	SPSPR014.18_2015-04-06_77_1	77	1	4/6/2015	17.8258	19.9984	59.1315	0	0	13.0461	62.1704	0	0	0	57.8253	20.8701	0.4345	0	50.8677	7.8266	12.1744	6.0886	37.8242	7.3894	22.1763	0	0	43.4783	13.0435	9.1302	7.8266	0	0	0	13.0435	46.9544	8.6957	10.0019	2.6071	4.7823	62.1784	2.1726	0	30.0003	39.9968	26.9587	0	29.5658	2.1752	63.4793	2.1752
SPSPR014.18	SPSPR014.18_2016-04-05_99_1	99	1	4/5/2016	25.1248	43.2612	28.7854	0.6656	8.3195	17.1381	42.4293	1.3311	0	1.1647	49.2512	34.4426	5.4908	1.9967	40.7654	4.8253	8.985	6.6556	21.2978	14.975	13.9767	0.3328	0.8319	32.4459	14.6423	5.3245	5.8236	0	0	2.3295	9.6506	46.7554	5.99	11.8136	17.3045	5.99	31.1148	1.4975	0	56.2396	22.4626	17.3045	0.4992	48.4193	3.3278	44.426	3.827
SPSPR015.42	SPSPR015.42_2015-04-06_78_1	78	1	4/6/2015	9.0372	72.2879	18.6749	0	0	17.4675	60.8483	0.6037	0	0	65.0619	15.0619	1.2043	0.6037	70.483	1.2043	3.0124	4.2167	6.6285	54.2167	10.2415	0	0.6037	7.8328	27.709	37.9536	1.2043	0	0	0	8.4334	18.678	3.0124	49.3963	1.2043	14.4613	22.2879	3.0124	0	13.2539	34.3406	44.5759	1.2043	21.0898	0	60.2446	1.808
SPSPR015.42	SPSPR015.42_2016-04-05_100_1	100	1	4/5/2016	8.7894	73.466	17.0813	0	0	14.262	61.6915	1.1609	0	0	51.4096	25.8706	1.6584	0	46.2687	20.7297	3.8143	1.6584	13.9303	43.2836	10.7794	1.8242	0	15.9204	28.1924	25.3731	2.8192	0	0	0	2.9851	48.0929	4.3118	22.7197	5.4726	21.8905	25.8706	1.99	0	17.4129	24.2123	46.4345	0	40.2985	3.1509	56.2189	3.1509
SPSPR150.09	SPSPR150.09_2015-06-15_79_1	79	1	6/15/2015	6.1471	71.2614	16.279	0	1.1629	4.4845	70.7635	7.4754	0	1.6608	67.2738	15.2842	0	9.635	56.6422	1.3292	15.117	2.4912	6.8103	69.5997	2.9909	0	2.4921	13.4544	16.279	51.3283	0	0	1.1629	0.9957	1.6617	29.7353	0.3325	50.3307	2.4921	23.2547	8.9717	0.8304	0	15.6149	18.9374	56.6441	0	7.1438	0.8304	54.9824	7.9733
SRCDY002.95	SRCDY002.95_2016-06-21_101_1	101	1	6/21/2016	12.272	38.3085	46.7662	0	1.8242	22.7197	58.0431	0	0.1658	1.6584	82.5871	1.3267	0.1658	1.1609	67.6617	10.1161	1.99	20.2322	25.2073	25.0415	10.4478	0	1.3267	43.6153	17.9104	18.408	1.3267	0	0	2.8192	7.4627	42.6202	1.99	30.3483	2.1559	14.7595	55.2239	2.4876	0	9.1211	13.7645	67.9934	1.99	26.2023	18.9055	57.2139	22.5539
SRDCN001.90	SRDCN001.90_2016-06-22_102_1	102	1	6/22/2016	18.8333	55.6667	22	0	0.3333	21.3333	63	0	0	1	77.8333	5.3333	0.1667	1.5	63.3333	12.3333	3.8333	15.3333	10.6667	38.8333	16.1667	0	0.3333	26.5	28.8333	27	6.1667	0.1667	0.1667	6.8333	4	49.8333	3.6667	24	2	6.5	58.6667	3	0	6.5	31.3333	49.6667	0.8333	21.3333	13.5	61.1667	13.6667
SRDEV000.38	SRDEV000.38_2016-05-17_103_1	103	1	5/17/2016	3.6606	9.3178	86.5225	0.3328	0	24.2928	44.426	8.985	0	0.1664	89.6839	2.6622	0	9.3178	60.7321	4.6589	0.3328	23.7937	27.787	19.8003	3.6606	0	0.1664	70.0499	2.4958	4.9917	0	0.6656	0	2.995	8.4859	43.0948	0	36.4393	20.4659	10.8153	40.0998	0.1664	0	3.6606	28.1198	67.2213	0.4992	9.3178	23.4609	22.1298	29.9501
SRFIS010.92	SRFIS010.92_2016-06-20_104_1	104	1	6/20/2016	13.0795	52.4834	32.1192	0	0	18.2119	71.5232	0.4967	0	0.8278	78.9735	11.0927	0	1.1589	63.9073	11.0927	8.4437	11.5894	21.0265	39.2384	12.7483	0	0.4967	38.4106	22.351	28.1457	3.4768	0.9934	0.1656	2.649	6.457	44.702	3.3113	33.4437	11.2583	14.2384	38.4106	3.1457	0.3311	20.0331	23.0132	50	1.4901	29.1391	11.9205	61.0927	14.404
SRFIS010.92	SRFIS010.92_2016-06-20_93_2	93	2	6/20/2016	10.6667	54.6667	31.1667	0	0	20.6667	68.3333	0	0	1.1667	78	11.6667	0.1667	1	66.6667	9.5	9.6667	15.5	21	43	7.6667	0.1667	0.5	39	21.5	28.5	0	0.5	0	4.8333	6.3333	40.1667	4.3333	33	6.8333	9.8333	44.8333	5.3333	0	19.5	21.8333	53.3333	1	26.8333	14.5	60.8333	16.3333
SRHAY003.25	SRHAY003.25_2016-06-21_105_1	105	1	6/21/2016	14.6667	26.3333	27.3333	0	0.8333	17.1667	45.3333	0	0	3.8333	54.6667	5.3333	0.5	5.5	39.5	9.8333	6.8333	17.5	7.6667	24.3333	11.6667	0.5	2.5	24	18.3333	16.1667	2	0.6667	0.5	2.6667	3.8333	28.3333	5	21.8333	4.6667	8.1667	40.5	5.6667	0	9.6667	20.1667	34.3333	1.3333	18.1667	5.3333	31.1667	16.5
SRHRS001.41	SRHRS001.41_2016-06-20_106_1	106	1	6/20/2016	16.1398	66.223	7.8203	0	2.6622	15.3078	45.7571	0.6656	0	3.9933	43.594	17.97	1.3311	4.6589	37.7704	4.3261	14.6423	8.3195	4.4925	34.2762	15.807	0.1664	2.6622	12.9784	27.2879	11.6473	10.1498	1.3311	1.8303	2.1631	2.3295	39.2679	10.8153	6.822	2.6622	3.3278	46.589	15.9734	0	19.4676	35.9401	32.7787	0.8319	24.2928	2.8286	31.4476	22.629
SRNBE000.86	SRNBE000.86_2016-06-21_107_1	107	1	6/21/2016	10.4825	37.1048	51.9135	0	0	9.3178	84.3594	0	0	1.1647	75.5408	20.4659	0	0.1664	64.7255	21.4642	4.1597	9.9834	38.7687	32.1131	10.9817	0	0.1664	54.7421	23.2945	16.3062	0.4992	0	0	5.3245	2.4958	71.8802	4.1597	12.1464	7.3211	33.1115	40.2662	4.9917	0	18.6356	24.4592	55.7404	0	62.5624	8.1531	73.3777	10.8153
SRNFB012.35	SRNFB012.35_2016-06-14_108_1	108	1	6/14/2016	3.6484	19.7347	71.8076	0	0.3317	15.0912	62.6866	14.7595	0	0.995	85.4063	7.6285	0	26.8657	51.2438	8.6235	0.995	34.4942	35.3234	15.257	3.6484	0.1658	0.8292	77.4461	11.6086	3.1509	0.995	0.4975	0.3317	0.6633	18.7396	46.2687	0.995	25.2073	22.7197	28.8557	37.4793	0.8292	0	14.5937	28.3582	52.2388	0	23.8806	12.4378	26.534	39.3035
SRPNT008.48	SRPNT008.48_2016-05-04_109_1	109	1	5/4/2016	27.0315	56.7164	13.7645	0	0	22.2222	67.1642	4.9751	0	0.995	67.33	25.8706	2.6534	6.3018	58.8723	8.4577	19.0713	8.4577	8.9552	56.8823	17.7446	0.8292	0.8292	22.7197	16.0862	49.0879	5.3068	0.8292	0.3317	0.995	6.3018	36.3184	5.4726	43.9469	10.4478	3.8143	42.1227	2.9851	0	22.7197	17.9104	56.8823	0	25.0415	10.1161	61.8574	18.5738
SRREY001.14	SRREY001.14_2016-06-29_110_1	110	1	6/29/2016	6.7881	30.1325	59.6026	0	0	19.0397	53.1457	11.0927	0	0.8278	76.8212	6.1258	0	16.0596	43.3775	3.6424	2.649	15.7285	20.8609	22.351	6.7881	0	0.4967	51.6556	10.7616	8.2781	1.4901	0.3311	0.6623	1.4901	11.755	33.4437	1.6556	18.7086	16.2252	16.7219	38.5762	1.1589	0.4967	14.9007	42.5497	33.7748	5.1325	10.596	17.2185	15.5629	24.8344
SRTON061.37	SRTON061.37_2015-05-07_80_1	80	1	5/7/2015	8.1233	30.6239	46.8778	0	0	9.9998	64.3762	0	0	4.3752	43.7495	25.0018	1.2494	4.3752	22.5007	25.6265	6.2492	9.9998	13.7503	32.5029	2.4987	0	4.3752	20.6266	25.0018	8.7479	0	4.3752	0	18.1255	1.2494	42.5026	5.6246	2.4987	0	12.5009	36.8756	5.6246	0	26.2512	19.3724	33.7522	6.2492	35.6263	19.9995	41.2508	19.9995
SRTON062.28	SRTON062.28_2015-05-07_81_1	81	1	5/7/2015	18.5374	59.2693	19.5821	0	0	22.1933	71.5408	0.5217	0	0.523	54.8302	38.9027	0	0.2615	34.4648	45.4289	7.8336	6.2671	8.3553	60.0513	13.315	0	0.2615	10.9665	53.5239	21.4101	2.3497	0.2615	0	6.2671	3.6547	52.4792	7.5721	24.0213	14.3597	3.1329	60.0513	5.4839	0.2615	39.163	24.543	19.0616	14.6212	44.9084	22.9765	54.0469	23.4995
SRUDC000.02	SRUDC000.02_2016-06-22_111_1	111	1	6/22/2016	10.1161	59.7015	30.0166	0	0	11.2769	74.7927	0	0	3.4826	59.0381	33.0017	0	0	59.5357	18.2421	5.141	12.9353	15.257	33.0017	25.0415	0	0	28.524	38.806	20.8955	1.1609	0.1658	0	6.136	1.3267	54.8922	4.6434	25.0415	2.1559	13.267	54.8922	7.2968	0	16.0862	39.9668	42.6202	0.1658	51.4096	9.2869	72.471	13.7645
SRUEF000.87	SRUEF000.87_2016-06-13_112_1	112	1	6/13/2016	21.3333	48	15.3333	0	1.8333	15.1667	62.1667	0.6667	0	4	67	8.5	0	3.3333	49.5	7.5	17	7.3333	17.6667	40.5	11.3333	0.5	1.5	18.6667	29	25.1667	4.3333	1.3333	2.3333	3.3333	2.1667	43	16.6667	10.6667	7.8333	2.6667	43.1667	13.6667	0	11.3333	24.8333	44	1	26	4.3333	45.1667	19.1667
SRUUE000.03	SRUUE000.03_2016-06-13_113_1	113	1	6/13/2016	19.5	48.5	28	0	0.1667	15.1667	73.1667	0	0	4.3333	81.3333	5.5	0	2.8333	64.1667	13.8333	5.8333	13	16	45.6667	14.3333	0.1667	2.5	34.5	15.5	37.3333	0.8333	0.3333	0	4.6667	4.3333	47.3333	5.6667	26.1667	12	4.5	42.1667	10.3333	0	10	27.5	55.6667	0.6667	25.8333	7.6667	56.1667	13.8333
SRWRK002.83	SRWRK002.83_2016-06-16_114_1	114	1	6/16/2016	3.8143	49.0879	46.932	0	0.4975	26.8657	53.068	12.272	0	1.3267	87.2305	4.4776	5.141	11.1111	55.8872	6.3018	0.4975	22.2222	27.0315	20.2322	3.4826	0.8292	1.4925	58.209	24.3781	8.126	0	0.8292	1.8242	2.3217	11.4428	35.3234	0.4975	25.0415	20.7297	13.7645	33.9967	1.99	0	13.4328	41.2935	41.791	3.3167	9.9502	32.3383	15.4229	37.9768
UGBLR028.77	UGBLR028.77_2015-06-01_82_1	82	1	6/1/2015	4.1255	35.1484	57.9209	0	0	9.406	76.2375	0.6602	0	0.165	63.2014	22.9373	0	2.8057	56.7654	16.3367	5.6106	9.241	44.0591	24.4226	3.1355	0.165	0.4951	53.9602	23.9275	6.7656	0.3301	0.165	0	6.1057	30.8579	38.7793	2.9702	6.2705	33.3332	5.9412	36.9636	2.8052	0	47.8545	27.3931	20.4619	1.4854	21.6172	9.5711	34.6533	9.9011
UGBLR028.77	UGBLR028.77_2015-06-01_82_2	82	2	6/1/2015	4.8093	57.0481	35.4891	0	0	22.8856	61.0281	0.4975	0	0.1658	59.37	26.5338	0	8.9551	47.7612	15.5888	9.4526	16.4177	25.8707	31.3433	6.136	0.6633	1.3267	45.2737	30.6798	7.1309	0	1.8242	0	8.126	8.7895	58.043	2.3216	6.9651	5.3064	14.0961	50.9125	2.4875	0	33.1676	39.8009	22.0563	2.3216	20.0663	15.7544	39.6353	16.2519
UGCAV016.84	UGCAV016.84_2015-06-16_83_1	83	1	6/16/2015	7.4361	70.63	21.5617	0	0	13.7555	79.9208	4.0903	0	0.3722	88.8459	9.293	0	6.6938	71.3702	16.3547	0.7445	14.4978	8.9229	61.705	8.9229	1.1146	0.3722	26.0242	53.1543	17.8436	0.7445	0.3722	0.3722	4.8326	1.1146	73.6036	0.3722	18.2159	0.3722	10.0396	77.6875	0.3722	0	9.293	21.1916	65.7953	2.2313	10.4097	14.87	68.3945	18.5881
UGCOL003.48	UGCOL003.48_2015-06-03_84_1	84	1	6/3/2015	15.2308	57.1817	24.7134	0	0	11.2067	77.5848	0	0	6.6085	66.6661	17.529	0	1.7241	55.7455	16.9549	6.6103	10.0567	19.2549	33.9063	18.1031	0.2879	1.7241	31.0339	35.6286	17.8187	2.5862	6.6085	0	3.1603	1.15	58.6179	6.3223	14.9446	2.2982	16.0929	53.7335	10.9188	0	13.2187	35.9183	47.4147	0	34.7683	8.0464	59.7679	9.7705
UGEAG013.81	UGEAG013.81_2015-05-19_85_1	85	1	5/19/2015	17.1094	32.3921	42.8573	0	0	22.9233	52.4919	6.4784	0	1.1628	61.9603	23.5878	0.1661	9.8007	42.6912	6.8107	16.4449	10.9635	29.4021	17.9403	16.9432	0.8306	3.1562	42.3589	13.9535	9.8007	12.126	2.1595	0.1661	1.1628	8.804	42.8573	13.621	18.1064	15.9469	14.9502	39.5347	2.6578	0	29.9001	32.0599	28.4054	0.4983	20.7639	6.9768	39.5347	15.6147
UGEEG001.57	UGEEG001.57_2015-05-19_86_1	86	1	5/19/2015	35.1673	32.833	25.9998	0	0	23.6675	67.4994	0.3329	0	1.8335	79.3332	10.8335	0.3334	3.3336	47.9993	16.1666	20.3334	19.5001	24.3328	24.8327	20.1675	0.1665	1.8335	28.3327	19.1667	35.6667	6.5002	0.6668	1.8335	6.1668	5.8334	39.4996	20.167	18.9998	3.9994	6.3327	56.8344	16.3335	0	15.4997	40.8343	36.4995	0	30.5006	15.1668	51.8338	16.5
UGFRY009.52	UGFRY009.52_2015-05-11_87_1	87	1	5/11/2015	3.0237	22.6802	64.7938	0.2156	0	64.5782	21.5996	0	0	0.8637	83.5865	6.0474	0	1.0794	73.0024	2.8081	1.5118	54.2109	4.3187	13.6091	6.263	0	0.8637	65.2263	15.3366	3.4562	1.0794	0.8637	0.2156	4.968	0.6469	18.7928	1.5118	63.4988	4.7524	6.6955	68.4656	0.4325	0	3.0225	12.9598	70.4112	4.1043	9.7192	55.9396	21.5983	59.1801
UGFRY009.52	UGFRY009.52_2015-05-11_87_2	87	2	5/11/2015	3.0718	22.3699	70.1724	0	0.2197	59.647	25.4397	0.2197	0	0.8778	83.5508	4.8253	0	1.7556	76.3118	1.3162	3.5102	53.5076	3.0707	23.2447	3.0707	0	1.7556	66.2259	12.938	3.2904	1.3162	1.5359	0.2197	3.5091	0.6581	20.8341	2.6324	59.8647	5.9208	10.5264	63.1562	1.5359	0	4.3869	12.7214	74.3396	4.1662	6.1415	54.1636	12.5017	57.6718
UGGLR401.85	UGGLR401.85_2015-05-18_88_1	88	1	5/18/2015	18.4145	61.1904	9.3471	0	0	22.3807	55.5249	3.1157	0	0.8488	19.8275	47.5959	14.4484	10.1992	15.2955	26.9145	14.733	10.7651	10.7617	27.765	18.6992	0.5659	10.1992	12.1781	34.281	6.5143	9.6334	0.2829	10.1992	0.5659	3.9662	47.3096	10.1992	3.3986	14.7296	8.7829	48.4447	0.8488	0	58.9269	18.6975	9.0624	0	53.8272	0.2829	60.3432	0.2829
UGKPK011.18	UGKPK011.18_2015-05-20_89_1	89	1	5/20/2015	5.4734	20.3992	73.1325	0	0.1662	13.2675	78.9368	0.1662	0	0.664	92.2043	4.8093	0	0.1662	80.7613	5.8043	3.1511	10.6143	59.3679	17.5783	2.6539	0	0.1662	69.9822	10.7791	11.2776	0.6633	0.1662	0.1662	3.9806	0.4978	69.3182	3.1511	20.066	0.9957	55.5528	24.2128	3.1518	0	5.3064	8.2942	85.2382	0	63.5139	9.9503	78.2735	10.6136
UGSFR006.42	UGSFR006.42_2015-05-18_90_1	90	1	5/18/2015	10.8278	22.082	44.7987	0	0	19.1073	41.6158	5.5205	0	0	50.7443	24.204	0.4251	5.9456	39.4913	8.2808	10.8278	8.0688	33.7589	12.5271	10.1907	0	0	42.0396	12.1032	6.1563	5.3073	0.4251	0	0.6371	5.5218	45.2238	6.7934	16.7722	14.6515	11.253	31.6357	1.4861	0	24.8423	20.8079	31.6332	0.4251	25.053	7.8569	32.9074	12.9523
UGSFR151.22	UGSFR151.22_2015-06-02_91_1	91	1	6/2/2015	19.804	60.885	10.4737	1.6363	1.473	22.4226	49.7542	0.6548	0	3.6009	36.4964	34.6982	0.6548	1.1456	27.495	19.1499	19.4766	2.1271	9.9837	23.0767	18.3318	15.8757	0.6548	13.9104	16.6939	26.0242	14.7301	0.3274	1.473	2.7827	4.5824	40.5895	15.7124	7.3643	13.5838	24.8771	27.6606	2.6186	0	33.0611	22.2578	35.5164	0	38.6265	2.946	47.6272	3.2734
UGSTO003.44	UGSTO003.44_2015-06-02_92_1	92	1	6/2/2015	14.8328	65.7884	18.9013	0	0	26.0775	71.5323	0	0	0.4789	84.451	12.4412	0	8.8517	71.7711	8.134	6.4601	8.8502	19.8591	39.4722	19.6189	0	8.8517	27.5142	34.6876	22.0105	3.8283	0.4789	1.6754	2.6318	10.2869	60.7665	5.2635	16.2681	2.393	4.067	63.1596	3.5881	0	23.2085	32.296	43.3005	0.4789	15.073	7.8939	53.829	7.8939
VRBON002.71	VRBON002.71_2016-05-03_115_1	115	1	5/3/2016	10.7616	20.0331	59.9338	0.3311	2.3179	23.1788	60.4305	0	0	2.4834	80.6291	5.1325	0	1.4901	64.7351	6.457	3.8079	19.702	25.4967	23.3444	8.7748	0	0.1656	64.404	7.4503	8.9404	2.8146	0.6623	0	0.9934	3.4768	47.5166	3.8079	23.0132	20.3642	2.9801	50	3.3113	0.1656	11.755	34.6026	43.2119	1.1589	13.4106	17.3841	34.9338	17.3841
VREVR023.23	VREVR023.23_2016-05-03_116_1	116	1	5/3/2016	7.8203	41.9301	44.426	4.4925	0.1664	16.9717	59.0682	0.4992	0	0.8319	74.376	16.1398	0.1664	5.6572	34.1098	5.1581	6.4892	16.4725	12.4792	17.1381	5.4908	0	2.3295	34.4426	32.6123	3.827	1.4975	0.1664	0.1664	2.8286	4.9917	30.1165	1.9967	29.2845	15.9734	6.822	30.1165	2.995	0	13.1448	35.7737	43.2612	1.9967	10.1498	11.8136	15.807	15.4742
VROAK042.78	VROAK042.78_2016-05-09_117_1	117	1	5/9/2016	4.8253	19.8003	70.3827	0.8319	0.9983	24.4592	60.5657	0.6656	0	1.6639	80.3661	5.8236	0	2.1631	67.3877	6.6556	2.3295	22.7953	21.2978	29.9501	4.3261	0.1664	2.1631	67.5541	10.6489	3.6606	1.8303	0	0.9983	0.3328	11.1481	43.594	2.3295	25.9567	27.787	4.8253	46.2562	0.8319	0.3328	14.6423	23.9601	54.9085	0	9.1514	21.6306	26.9551	21.797
VRSPN002.92	VRSPN002.92_2016-05-10_118_1	118	1	5/10/2016	7.9339	27.6033	63.8017	0	0.8264	22.1488	69.5868	0.3306	0	0.4959	85.4545	9.9174	0.3306	10.9091	57.686	11.2397	3.1405	32.0661	28.2645	15.5372	7.6033	0.6612	8.0992	57.1901	15.0413	11.5702	0	0.4959	0.1653	0.6612	12.0661	47.438	0.6612	30.2479	5.7851	12.0661	55.0413	2.1488	0	10.2479	43.3058	42.9752	1.9835	18.5124	20.8264	44.7934	20.9917
VRWCL036.37	VRWCL036.37_2016-06-16_119_1	119	1	6/16/2016	8.7894	21.2272	54.7264	0.1658	2.4876	15.7546	42.4544	4.1459	0	4.9751	57.8773	3.9801	0	17.7446	31.675	7.4627	2.9851	26.6998	19.403	5.8043	7.9602	0	11.7745	39.1376	6.9652	7.6285	0.995	0.1658	2.8192	7.131	7.4627	24.0464	0.995	17.4129	6.4677	7.131	35.8209	2.9851	0.3317	21.5589	30.0166	23.0514	7.131	17.7446	12.9353	24.8756	21.2272
VRWEB010.36	VRWEB010.36_2016-05-03_120_1	120	1	5/3/2016	3.6606	55.574	39.1015	1.1647	3.6606	13.8103	75.208	2.4958	0	5.99	86.5225	3.827	0	3.6606	59.2346	6.4892	0	8.3195	34.7754	23.6273	3.6606	0.1664	0.9983	53.0782	29.7837	9.1514	0	2.1631	3.3278	0.9983	7.1547	49.9168	0	9.4842	13.1448	15.807	31.614	4.9917	0.1664	15.3078	40.7654	41.7637	0.4992	18.802	10.4825	30.4493	11.1481
VRWEB010.36	VRWEB010.36_2016-05-03_94_2	94	2	5/3/2016	2.4958	54.5757	37.4376	2.1631	4.6589	16.4725	61.8968	1.6639	0	5.8236	77.2047	5.3245	0	2.995	57.2379	1.8303	0.8319	10.6489	27.6206	25.624	1.3311	0.1664	0.6656	47.2546	27.9534	5.99	0.6656	1.1647	1.3311	2.995	4.8253	45.9235	0.6656	12.1464	14.1431	13.6439	25.1248	6.4892	0	16.4725	32.2795	43.594	1.4975	15.3078	8.6522	22.4626	12.9784
VRWOK000.82	VRWOK000.82_2016-05-10_121_1	121	1	5/10/2016	7	37.6667	30.3333	4	0	15.3333	46.3333	10.5	0	0.5	65.8333	5.8333	0	2.1667	46	8.5	1.8333	9	26	14.3333	7.3333	0.8333	1.5	42.1667	16.3333	10.5	0.6667	0	0.5	0.6667	7.3333	40.8333	0.8333	13.1667	19.1667	6.1667	25.1667	1.5	0.5	14	33.1667	26.3333	0.5	10.6667	5.5	24.1667	5.3333
